*CURVE_DATA_FILE

*CURVE_INDEX = 
0
*SAMPLE_RATE = 
10
*CURVE_CTRL_VERTS = 
0.0177083	0.737037	0	1	0.20625	0.692593	0	1	0.345833	0.542593	0	1	0.36875	0.309259	0	1	

*CURVE_INDEX = 
1
*SAMPLE_RATE = 
10
*CURVE_CTRL_VERTS = 
0.36875	0.309259	0	1	0.390625	0.0888889	0	1	0.4875	0.0314815	0	1	0.630208	-0.0462963	0	1	

*CURVE_INDEX = 
2
*SAMPLE_RATE = 
10
*CURVE_CTRL_VERTS = 
0.630208	-0.0462963	0	1	0.658333	-0.187037	0	1	0.665625	-0.337037	0	1	0.598958	-0.457407	0	1	

*CURVE_INDEX = 
3
*SAMPLE_RATE = 
10
*CURVE_CTRL_VERTS = 
0.598958	-0.457407	0	1	0.501042	-0.603704	0	1	0.348958	-0.664815	0	1	0.230208	-0.696296	0	1	
