*Indices
0	75	1
1	75	76
1	76	2
2	76	77
2	77	3
3	77	78
3	78	4
4	78	79
4	79	5
5	79	80
5	80	6
6	80	81
6	81	7
7	81	82
7	82	8
8	82	83
8	83	9
9	83	84
9	84	10
10	84	85
10	85	11
11	85	86
11	86	12
12	86	87
12	87	13
13	87	88
13	88	14
14	88	89
14	89	15
15	89	90
15	90	16
16	90	91
16	91	17
17	91	92
17	92	18
18	92	93
18	93	19
19	93	94
19	94	20
20	94	95
20	95	21
21	95	96
21	96	22
22	96	97
22	97	23
23	97	98
23	98	24
24	98	99
24	99	25
25	99	100
25	100	26
26	100	101
26	101	27
27	101	102
27	102	28
28	102	103
28	103	29
29	103	104
29	104	30
30	104	105
30	105	31
31	105	106
31	106	32
32	106	107
32	107	33
33	107	108
33	108	34
34	108	109
34	109	35
35	109	110
35	110	36
36	110	111
36	111	37
37	111	112
37	112	38
38	112	113
38	113	39
39	113	114
39	114	40
40	114	115
40	115	41
41	115	116
41	116	42
42	116	117
42	117	43
43	117	118
43	118	44
44	118	119
44	119	45
45	119	120
45	120	46
46	120	121
46	121	47
47	121	122
47	122	48
48	122	123
48	123	49
49	123	124
49	124	50
50	124	125
50	125	51
51	125	126
51	126	52
52	126	127
52	127	53
53	127	128
53	128	54
54	128	129
54	129	55
55	129	130
55	130	56
56	130	131
56	131	57
57	131	132
57	132	58
58	132	133
58	133	59
59	133	134
59	134	60
60	134	135
60	135	61
61	135	136
61	136	62
62	136	137
62	137	63
63	137	138
63	138	64
64	138	139
64	139	65
65	139	140
65	140	66
66	140	141
66	141	67
67	141	142
67	142	68
68	142	143
68	143	69
69	143	144
69	144	70
70	144	145
70	145	71
71	145	146
71	146	72
72	146	147
72	147	73
73	147	148
73	148	74
74	148	149
75	150	76
76	150	151
76	151	77
77	151	152
77	152	78
78	152	153
78	153	79
79	153	154
79	154	80
80	154	155
80	155	81
81	155	156
81	156	82
82	156	157
82	157	83
83	157	158
83	158	84
84	158	159
84	159	85
85	159	160
85	160	86
86	160	161
86	161	87
87	161	162
87	162	88
88	162	163
88	163	89
89	163	164
89	164	90
90	164	165
90	165	91
91	165	166
91	166	92
92	166	167
92	167	93
93	167	168
93	168	94
94	168	169
94	169	95
95	169	170
95	170	96
96	170	171
96	171	97
97	171	172
97	172	98
98	172	173
98	173	99
99	173	174
99	174	100
100	174	175
100	175	101
101	175	176
101	176	102
102	176	177
102	177	103
103	177	178
103	178	104
104	178	179
104	179	105
105	179	180
105	180	106
106	180	181
106	181	107
107	181	182
107	182	108
108	182	183
108	183	109
109	183	184
109	184	110
110	184	185
110	185	111
111	185	186
111	186	112
112	186	187
112	187	113
113	187	188
113	188	114
114	188	189
114	189	115
115	189	190
115	190	116
116	190	191
116	191	117
117	191	192
117	192	118
118	192	193
118	193	119
119	193	194
119	194	120
120	194	195
120	195	121
121	195	196
121	196	122
122	196	197
122	197	123
123	197	198
123	198	124
124	198	199
124	199	125
125	199	200
125	200	126
126	200	201
126	201	127
127	201	202
127	202	128
128	202	203
128	203	129
129	203	204
129	204	130
130	204	205
130	205	131
131	205	206
131	206	132
132	206	207
132	207	133
133	207	208
133	208	134
134	208	209
134	209	135
135	209	210
135	210	136
136	210	211
136	211	137
137	211	212
137	212	138
138	212	213
138	213	139
139	213	214
139	214	140
140	214	215
140	215	141
141	215	216
141	216	142
142	216	217
142	217	143
143	217	218
143	218	144
144	218	219
144	219	145
145	219	220
145	220	146
146	220	221
146	221	147
147	221	222
147	222	148
148	222	223
148	223	149
149	223	224
150	225	151
151	225	226
151	226	152
152	226	227
152	227	153
153	227	228
153	228	154
154	228	229
154	229	155
155	229	230
155	230	156
156	230	231
156	231	157
157	231	232
157	232	158
158	232	233
158	233	159
159	233	234
159	234	160
160	234	235
160	235	161
161	235	236
161	236	162
162	236	237
162	237	163
163	237	238
163	238	164
164	238	239
164	239	165
165	239	240
165	240	166
166	240	241
166	241	167
167	241	242
167	242	168
168	242	243
168	243	169
169	243	244
169	244	170
170	244	245
170	245	171
171	245	246
171	246	172
172	246	247
172	247	173
173	247	248
173	248	174
174	248	249
174	249	175
175	249	250
175	250	176
176	250	251
176	251	177
177	251	252
177	252	178
178	252	253
178	253	179
179	253	254
179	254	180
180	254	255
180	255	181
181	255	256
181	256	182
182	256	257
182	257	183
183	257	258
183	258	184
184	258	259
184	259	185
185	259	260
185	260	186
186	260	261
186	261	187
187	261	262
187	262	188
188	262	263
188	263	189
189	263	264
189	264	190
190	264	265
190	265	191
191	265	266
191	266	192
192	266	267
192	267	193
193	267	268
193	268	194
194	268	269
194	269	195
195	269	270
195	270	196
196	270	271
196	271	197
197	271	272
197	272	198
198	272	273
198	273	199
199	273	274
199	274	200
200	274	275
200	275	201
201	275	276
201	276	202
202	276	277
202	277	203
203	277	278
203	278	204
204	278	279
204	279	205
205	279	280
205	280	206
206	280	281
206	281	207
207	281	282
207	282	208
208	282	283
208	283	209
209	283	284
209	284	210
210	284	285
210	285	211
211	285	286
211	286	212
212	286	287
212	287	213
213	287	288
213	288	214
214	288	289
214	289	215
215	289	290
215	290	216
216	290	291
216	291	217
217	291	292
217	292	218
218	292	293
218	293	219
219	293	294
219	294	220
220	294	295
220	295	221
221	295	296
221	296	222
222	296	297
222	297	223
223	297	298
223	298	224
224	298	299
225	300	226
226	300	301
226	301	227
227	301	302
227	302	228
228	302	303
228	303	229
229	303	304
229	304	230
230	304	305
230	305	231
231	305	306
231	306	232
232	306	307
232	307	233
233	307	308
233	308	234
234	308	309
234	309	235
235	309	310
235	310	236
236	310	311
236	311	237
237	311	312
237	312	238
238	312	313
238	313	239
239	313	314
239	314	240
240	314	315
240	315	241
241	315	316
241	316	242
242	316	317
242	317	243
243	317	318
243	318	244
244	318	319
244	319	245
245	319	320
245	320	246
246	320	321
246	321	247
247	321	322
247	322	248
248	322	323
248	323	249
249	323	324
249	324	250
250	324	325
250	325	251
251	325	326
251	326	252
252	326	327
252	327	253
253	327	328
253	328	254
254	328	329
254	329	255
255	329	330
255	330	256
256	330	331
256	331	257
257	331	332
257	332	258
258	332	333
258	333	259
259	333	334
259	334	260
260	334	335
260	335	261
261	335	336
261	336	262
262	336	337
262	337	263
263	337	338
263	338	264
264	338	339
264	339	265
265	339	340
265	340	266
266	340	341
266	341	267
267	341	342
267	342	268
268	342	343
268	343	269
269	343	344
269	344	270
270	344	345
270	345	271
271	345	346
271	346	272
272	346	347
272	347	273
273	347	348
273	348	274
274	348	349
274	349	275
275	349	350
275	350	276
276	350	351
276	351	277
277	351	352
277	352	278
278	352	353
278	353	279
279	353	354
279	354	280
280	354	355
280	355	281
281	355	356
281	356	282
282	356	357
282	357	283
283	357	358
283	358	284
284	358	359
284	359	285
285	359	360
285	360	286
286	360	361
286	361	287
287	361	362
287	362	288
288	362	363
288	363	289
289	363	364
289	364	290
290	364	365
290	365	291
291	365	366
291	366	292
292	366	367
292	367	293
293	367	368
293	368	294
294	368	369
294	369	295
295	369	370
295	370	296
296	370	371
296	371	297
297	371	372
297	372	298
298	372	373
298	373	299
299	373	374
300	375	301
301	375	376
301	376	302
302	376	377
302	377	303
303	377	378
303	378	304
304	378	379
304	379	305
305	379	380
305	380	306
306	380	381
306	381	307
307	381	382
307	382	308
308	382	383
308	383	309
309	383	384
309	384	310
310	384	385
310	385	311
311	385	386
311	386	312
312	386	387
312	387	313
313	387	388
313	388	314
314	388	389
314	389	315
315	389	390
315	390	316
316	390	391
316	391	317
317	391	392
317	392	318
318	392	393
318	393	319
319	393	394
319	394	320
320	394	395
320	395	321
321	395	396
321	396	322
322	396	397
322	397	323
323	397	398
323	398	324
324	398	399
324	399	325
325	399	400
325	400	326
326	400	401
326	401	327
327	401	402
327	402	328
328	402	403
328	403	329
329	403	404
329	404	330
330	404	405
330	405	331
331	405	406
331	406	332
332	406	407
332	407	333
333	407	408
333	408	334
334	408	409
334	409	335
335	409	410
335	410	336
336	410	411
336	411	337
337	411	412
337	412	338
338	412	413
338	413	339
339	413	414
339	414	340
340	414	415
340	415	341
341	415	416
341	416	342
342	416	417
342	417	343
343	417	418
343	418	344
344	418	419
344	419	345
345	419	420
345	420	346
346	420	421
346	421	347
347	421	422
347	422	348
348	422	423
348	423	349
349	423	424
349	424	350
350	424	425
350	425	351
351	425	426
351	426	352
352	426	427
352	427	353
353	427	428
353	428	354
354	428	429
354	429	355
355	429	430
355	430	356
356	430	431
356	431	357
357	431	432
357	432	358
358	432	433
358	433	359
359	433	434
359	434	360
360	434	435
360	435	361
361	435	436
361	436	362
362	436	437
362	437	363
363	437	438
363	438	364
364	438	439
364	439	365
365	439	440
365	440	366
366	440	441
366	441	367
367	441	442
367	442	368
368	442	443
368	443	369
369	443	444
369	444	370
370	444	445
370	445	371
371	445	446
371	446	372
372	446	447
372	447	373
373	447	448
373	448	374
374	448	449
375	450	376
376	450	451
376	451	377
377	451	452
377	452	378
378	452	453
378	453	379
379	453	454
379	454	380
380	454	455
380	455	381
381	455	456
381	456	382
382	456	457
382	457	383
383	457	458
383	458	384
384	458	459
384	459	385
385	459	460
385	460	386
386	460	461
386	461	387
387	461	462
387	462	388
388	462	463
388	463	389
389	463	464
389	464	390
390	464	465
390	465	391
391	465	466
391	466	392
392	466	467
392	467	393
393	467	468
393	468	394
394	468	469
394	469	395
395	469	470
395	470	396
396	470	471
396	471	397
397	471	472
397	472	398
398	472	473
398	473	399
399	473	474
399	474	400
400	474	475
400	475	401
401	475	476
401	476	402
402	476	477
402	477	403
403	477	478
403	478	404
404	478	479
404	479	405
405	479	480
405	480	406
406	480	481
406	481	407
407	481	482
407	482	408
408	482	483
408	483	409
409	483	484
409	484	410
410	484	485
410	485	411
411	485	486
411	486	412
412	486	487
412	487	413
413	487	488
413	488	414
414	488	489
414	489	415
415	489	490
415	490	416
416	490	491
416	491	417
417	491	492
417	492	418
418	492	493
418	493	419
419	493	494
419	494	420
420	494	495
420	495	421
421	495	496
421	496	422
422	496	497
422	497	423
423	497	498
423	498	424
424	498	499
424	499	425
425	499	500
425	500	426
426	500	501
426	501	427
427	501	502
427	502	428
428	502	503
428	503	429
429	503	504
429	504	430
430	504	505
430	505	431
431	505	506
431	506	432
432	506	507
432	507	433
433	507	508
433	508	434
434	508	509
434	509	435
435	509	510
435	510	436
436	510	511
436	511	437
437	511	512
437	512	438
438	512	513
438	513	439
439	513	514
439	514	440
440	514	515
440	515	441
441	515	516
441	516	442
442	516	517
442	517	443
443	517	518
443	518	444
444	518	519
444	519	445
445	519	520
445	520	446
446	520	521
446	521	447
447	521	522
447	522	448
448	522	523
448	523	449
449	523	524
450	525	451
451	525	526
451	526	452
452	526	527
452	527	453
453	527	528
453	528	454
454	528	529
454	529	455
455	529	530
455	530	456
456	530	531
456	531	457
457	531	532
457	532	458
458	532	533
458	533	459
459	533	534
459	534	460
460	534	535
460	535	461
461	535	536
461	536	462
462	536	537
462	537	463
463	537	538
463	538	464
464	538	539
464	539	465
465	539	540
465	540	466
466	540	541
466	541	467
467	541	542
467	542	468
468	542	543
468	543	469
469	543	544
469	544	470
470	544	545
470	545	471
471	545	546
471	546	472
472	546	547
472	547	473
473	547	548
473	548	474
474	548	549
474	549	475
475	549	550
475	550	476
476	550	551
476	551	477
477	551	552
477	552	478
478	552	553
478	553	479
479	553	554
479	554	480
480	554	555
480	555	481
481	555	556
481	556	482
482	556	557
482	557	483
483	557	558
483	558	484
484	558	559
484	559	485
485	559	560
485	560	486
486	560	561
486	561	487
487	561	562
487	562	488
488	562	563
488	563	489
489	563	564
489	564	490
490	564	565
490	565	491
491	565	566
491	566	492
492	566	567
492	567	493
493	567	568
493	568	494
494	568	569
494	569	495
495	569	570
495	570	496
496	570	571
496	571	497
497	571	572
497	572	498
498	572	573
498	573	499
499	573	574
499	574	500
500	574	575
500	575	501
501	575	576
501	576	502
502	576	577
502	577	503
503	577	578
503	578	504
504	578	579
504	579	505
505	579	580
505	580	506
506	580	581
506	581	507
507	581	582
507	582	508
508	582	583
508	583	509
509	583	584
509	584	510
510	584	585
510	585	511
511	585	586
511	586	512
512	586	587
512	587	513
513	587	588
513	588	514
514	588	589
514	589	515
515	589	590
515	590	516
516	590	591
516	591	517
517	591	592
517	592	518
518	592	593
518	593	519
519	593	594
519	594	520
520	594	595
520	595	521
521	595	596
521	596	522
522	596	597
522	597	523
523	597	598
523	598	524
524	598	599
525	600	526
526	600	601
526	601	527
527	601	602
527	602	528
528	602	603
528	603	529
529	603	604
529	604	530
530	604	605
530	605	531
531	605	606
531	606	532
532	606	607
532	607	533
533	607	608
533	608	534
534	608	609
534	609	535
535	609	610
535	610	536
536	610	611
536	611	537
537	611	612
537	612	538
538	612	613
538	613	539
539	613	614
539	614	540
540	614	615
540	615	541
541	615	616
541	616	542
542	616	617
542	617	543
543	617	618
543	618	544
544	618	619
544	619	545
545	619	620
545	620	546
546	620	621
546	621	547
547	621	622
547	622	548
548	622	623
548	623	549
549	623	624
549	624	550
550	624	625
550	625	551
551	625	626
551	626	552
552	626	627
552	627	553
553	627	628
553	628	554
554	628	629
554	629	555
555	629	630
555	630	556
556	630	631
556	631	557
557	631	632
557	632	558
558	632	633
558	633	559
559	633	634
559	634	560
560	634	635
560	635	561
561	635	636
561	636	562
562	636	637
562	637	563
563	637	638
563	638	564
564	638	639
564	639	565
565	639	640
565	640	566
566	640	641
566	641	567
567	641	642
567	642	568
568	642	643
568	643	569
569	643	644
569	644	570
570	644	645
570	645	571
571	645	646
571	646	572
572	646	647
572	647	573
573	647	648
573	648	574
574	648	649
574	649	575
575	649	650
575	650	576
576	650	651
576	651	577
577	651	652
577	652	578
578	652	653
578	653	579
579	653	654
579	654	580
580	654	655
580	655	581
581	655	656
581	656	582
582	656	657
582	657	583
583	657	658
583	658	584
584	658	659
584	659	585
585	659	660
585	660	586
586	660	661
586	661	587
587	661	662
587	662	588
588	662	663
588	663	589
589	663	664
589	664	590
590	664	665
590	665	591
591	665	666
591	666	592
592	666	667
592	667	593
593	667	668
593	668	594
594	668	669
594	669	595
595	669	670
595	670	596
596	670	671
596	671	597
597	671	672
597	672	598
598	672	673
598	673	599
599	673	674
600	675	601
601	675	676
601	676	602
602	676	677
602	677	603
603	677	678
603	678	604
604	678	679
604	679	605
605	679	680
605	680	606
606	680	681
606	681	607
607	681	682
607	682	608
608	682	683
608	683	609
609	683	684
609	684	610
610	684	685
610	685	611
611	685	686
611	686	612
612	686	687
612	687	613
613	687	688
613	688	614
614	688	689
614	689	615
615	689	690
615	690	616
616	690	691
616	691	617
617	691	692
617	692	618
618	692	693
618	693	619
619	693	694
619	694	620
620	694	695
620	695	621
621	695	696
621	696	622
622	696	697
622	697	623
623	697	698
623	698	624
624	698	699
624	699	625
625	699	700
625	700	626
626	700	701
626	701	627
627	701	702
627	702	628
628	702	703
628	703	629
629	703	704
629	704	630
630	704	705
630	705	631
631	705	706
631	706	632
632	706	707
632	707	633
633	707	708
633	708	634
634	708	709
634	709	635
635	709	710
635	710	636
636	710	711
636	711	637
637	711	712
637	712	638
638	712	713
638	713	639
639	713	714
639	714	640
640	714	715
640	715	641
641	715	716
641	716	642
642	716	717
642	717	643
643	717	718
643	718	644
644	718	719
644	719	645
645	719	720
645	720	646
646	720	721
646	721	647
647	721	722
647	722	648
648	722	723
648	723	649
649	723	724
649	724	650
650	724	725
650	725	651
651	725	726
651	726	652
652	726	727
652	727	653
653	727	728
653	728	654
654	728	729
654	729	655
655	729	730
655	730	656
656	730	731
656	731	657
657	731	732
657	732	658
658	732	733
658	733	659
659	733	734
659	734	660
660	734	735
660	735	661
661	735	736
661	736	662
662	736	737
662	737	663
663	737	738
663	738	664
664	738	739
664	739	665
665	739	740
665	740	666
666	740	741
666	741	667
667	741	742
667	742	668
668	742	743
668	743	669
669	743	744
669	744	670
670	744	745
670	745	671
671	745	746
671	746	672
672	746	747
672	747	673
673	747	748
673	748	674
674	748	749
675	750	676
676	750	751
676	751	677
677	751	752
677	752	678
678	752	753
678	753	679
679	753	754
679	754	680
680	754	755
680	755	681
681	755	756
681	756	682
682	756	757
682	757	683
683	757	758
683	758	684
684	758	759
684	759	685
685	759	760
685	760	686
686	760	761
686	761	687
687	761	762
687	762	688
688	762	763
688	763	689
689	763	764
689	764	690
690	764	765
690	765	691
691	765	766
691	766	692
692	766	767
692	767	693
693	767	768
693	768	694
694	768	769
694	769	695
695	769	770
695	770	696
696	770	771
696	771	697
697	771	772
697	772	698
698	772	773
698	773	699
699	773	774
699	774	700
700	774	775
700	775	701
701	775	776
701	776	702
702	776	777
702	777	703
703	777	778
703	778	704
704	778	779
704	779	705
705	779	780
705	780	706
706	780	781
706	781	707
707	781	782
707	782	708
708	782	783
708	783	709
709	783	784
709	784	710
710	784	785
710	785	711
711	785	786
711	786	712
712	786	787
712	787	713
713	787	788
713	788	714
714	788	789
714	789	715
715	789	790
715	790	716
716	790	791
716	791	717
717	791	792
717	792	718
718	792	793
718	793	719
719	793	794
719	794	720
720	794	795
720	795	721
721	795	796
721	796	722
722	796	797
722	797	723
723	797	798
723	798	724
724	798	799
724	799	725
725	799	800
725	800	726
726	800	801
726	801	727
727	801	802
727	802	728
728	802	803
728	803	729
729	803	804
729	804	730
730	804	805
730	805	731
731	805	806
731	806	732
732	806	807
732	807	733
733	807	808
733	808	734
734	808	809
734	809	735
735	809	810
735	810	736
736	810	811
736	811	737
737	811	812
737	812	738
738	812	813
738	813	739
739	813	814
739	814	740
740	814	815
740	815	741
741	815	816
741	816	742
742	816	817
742	817	743
743	817	818
743	818	744
744	818	819
744	819	745
745	819	820
745	820	746
746	820	821
746	821	747
747	821	822
747	822	748
748	822	823
748	823	749
749	823	824
750	825	751
751	825	826
751	826	752
752	826	827
752	827	753
753	827	828
753	828	754
754	828	829
754	829	755
755	829	830
755	830	756
756	830	831
756	831	757
757	831	832
757	832	758
758	832	833
758	833	759
759	833	834
759	834	760
760	834	835
760	835	761
761	835	836
761	836	762
762	836	837
762	837	763
763	837	838
763	838	764
764	838	839
764	839	765
765	839	840
765	840	766
766	840	841
766	841	767
767	841	842
767	842	768
768	842	843
768	843	769
769	843	844
769	844	770
770	844	845
770	845	771
771	845	846
771	846	772
772	846	847
772	847	773
773	847	848
773	848	774
774	848	849
774	849	775
775	849	850
775	850	776
776	850	851
776	851	777
777	851	852
777	852	778
778	852	853
778	853	779
779	853	854
779	854	780
780	854	855
780	855	781
781	855	856
781	856	782
782	856	857
782	857	783
783	857	858
783	858	784
784	858	859
784	859	785
785	859	860
785	860	786
786	860	861
786	861	787
787	861	862
787	862	788
788	862	863
788	863	789
789	863	864
789	864	790
790	864	865
790	865	791
791	865	866
791	866	792
792	866	867
792	867	793
793	867	868
793	868	794
794	868	869
794	869	795
795	869	870
795	870	796
796	870	871
796	871	797
797	871	872
797	872	798
798	872	873
798	873	799
799	873	874
799	874	800
800	874	875
800	875	801
801	875	876
801	876	802
802	876	877
802	877	803
803	877	878
803	878	804
804	878	879
804	879	805
805	879	880
805	880	806
806	880	881
806	881	807
807	881	882
807	882	808
808	882	883
808	883	809
809	883	884
809	884	810
810	884	885
810	885	811
811	885	886
811	886	812
812	886	887
812	887	813
813	887	888
813	888	814
814	888	889
814	889	815
815	889	890
815	890	816
816	890	891
816	891	817
817	891	892
817	892	818
818	892	893
818	893	819
819	893	894
819	894	820
820	894	895
820	895	821
821	895	896
821	896	822
822	896	897
822	897	823
823	897	898
823	898	824
824	898	899
825	900	826
826	900	901
826	901	827
827	901	902
827	902	828
828	902	903
828	903	829
829	903	904
829	904	830
830	904	905
830	905	831
831	905	906
831	906	832
832	906	907
832	907	833
833	907	908
833	908	834
834	908	909
834	909	835
835	909	910
835	910	836
836	910	911
836	911	837
837	911	912
837	912	838
838	912	913
838	913	839
839	913	914
839	914	840
840	914	915
840	915	841
841	915	916
841	916	842
842	916	917
842	917	843
843	917	918
843	918	844
844	918	919
844	919	845
845	919	920
845	920	846
846	920	921
846	921	847
847	921	922
847	922	848
848	922	923
848	923	849
849	923	924
849	924	850
850	924	925
850	925	851
851	925	926
851	926	852
852	926	927
852	927	853
853	927	928
853	928	854
854	928	929
854	929	855
855	929	930
855	930	856
856	930	931
856	931	857
857	931	932
857	932	858
858	932	933
858	933	859
859	933	934
859	934	860
860	934	935
860	935	861
861	935	936
861	936	862
862	936	937
862	937	863
863	937	938
863	938	864
864	938	939
864	939	865
865	939	940
865	940	866
866	940	941
866	941	867
867	941	942
867	942	868
868	942	943
868	943	869
869	943	944
869	944	870
870	944	945
870	945	871
871	945	946
871	946	872
872	946	947
872	947	873
873	947	948
873	948	874
874	948	949
874	949	875
875	949	950
875	950	876
876	950	951
876	951	877
877	951	952
877	952	878
878	952	953
878	953	879
879	953	954
879	954	880
880	954	955
880	955	881
881	955	956
881	956	882
882	956	957
882	957	883
883	957	958
883	958	884
884	958	959
884	959	885
885	959	960
885	960	886
886	960	961
886	961	887
887	961	962
887	962	888
888	962	963
888	963	889
889	963	964
889	964	890
890	964	965
890	965	891
891	965	966
891	966	892
892	966	967
892	967	893
893	967	968
893	968	894
894	968	969
894	969	895
895	969	970
895	970	896
896	970	971
896	971	897
897	971	972
897	972	898
898	972	973
898	973	899
899	973	974
900	975	901
901	975	976
901	976	902
902	976	977
902	977	903
903	977	978
903	978	904
904	978	979
904	979	905
905	979	980
905	980	906
906	980	981
906	981	907
907	981	982
907	982	908
908	982	983
908	983	909
909	983	984
909	984	910
910	984	985
910	985	911
911	985	986
911	986	912
912	986	987
912	987	913
913	987	988
913	988	914
914	988	989
914	989	915
915	989	990
915	990	916
916	990	991
916	991	917
917	991	992
917	992	918
918	992	993
918	993	919
919	993	994
919	994	920
920	994	995
920	995	921
921	995	996
921	996	922
922	996	997
922	997	923
923	997	998
923	998	924
924	998	999
924	999	925
925	999	1000
925	1000	926
926	1000	1001
926	1001	927
927	1001	1002
927	1002	928
928	1002	1003
928	1003	929
929	1003	1004
929	1004	930
930	1004	1005
930	1005	931
931	1005	1006
931	1006	932
932	1006	1007
932	1007	933
933	1007	1008
933	1008	934
934	1008	1009
934	1009	935
935	1009	1010
935	1010	936
936	1010	1011
936	1011	937
937	1011	1012
937	1012	938
938	1012	1013
938	1013	939
939	1013	1014
939	1014	940
940	1014	1015
940	1015	941
941	1015	1016
941	1016	942
942	1016	1017
942	1017	943
943	1017	1018
943	1018	944
944	1018	1019
944	1019	945
945	1019	1020
945	1020	946
946	1020	1021
946	1021	947
947	1021	1022
947	1022	948
948	1022	1023
948	1023	949
949	1023	1024
949	1024	950
950	1024	1025
950	1025	951
951	1025	1026
951	1026	952
952	1026	1027
952	1027	953
953	1027	1028
953	1028	954
954	1028	1029
954	1029	955
955	1029	1030
955	1030	956
956	1030	1031
956	1031	957
957	1031	1032
957	1032	958
958	1032	1033
958	1033	959
959	1033	1034
959	1034	960
960	1034	1035
960	1035	961
961	1035	1036
961	1036	962
962	1036	1037
962	1037	963
963	1037	1038
963	1038	964
964	1038	1039
964	1039	965
965	1039	1040
965	1040	966
966	1040	1041
966	1041	967
967	1041	1042
967	1042	968
968	1042	1043
968	1043	969
969	1043	1044
969	1044	970
970	1044	1045
970	1045	971
971	1045	1046
971	1046	972
972	1046	1047
972	1047	973
973	1047	1048
973	1048	974
974	1048	1049
975	1050	976
976	1050	1051
976	1051	977
977	1051	1052
977	1052	978
978	1052	1053
978	1053	979
979	1053	1054
979	1054	980
980	1054	1055
980	1055	981
981	1055	1056
981	1056	982
982	1056	1057
982	1057	983
983	1057	1058
983	1058	984
984	1058	1059
984	1059	985
985	1059	1060
985	1060	986
986	1060	1061
986	1061	987
987	1061	1062
987	1062	988
988	1062	1063
988	1063	989
989	1063	1064
989	1064	990
990	1064	1065
990	1065	991
991	1065	1066
991	1066	992
992	1066	1067
992	1067	993
993	1067	1068
993	1068	994
994	1068	1069
994	1069	995
995	1069	1070
995	1070	996
996	1070	1071
996	1071	997
997	1071	1072
997	1072	998
998	1072	1073
998	1073	999
999	1073	1074
999	1074	1000
1000	1074	1075
1000	1075	1001
1001	1075	1076
1001	1076	1002
1002	1076	1077
1002	1077	1003
1003	1077	1078
1003	1078	1004
1004	1078	1079
1004	1079	1005
1005	1079	1080
1005	1080	1006
1006	1080	1081
1006	1081	1007
1007	1081	1082
1007	1082	1008
1008	1082	1083
1008	1083	1009
1009	1083	1084
1009	1084	1010
1010	1084	1085
1010	1085	1011
1011	1085	1086
1011	1086	1012
1012	1086	1087
1012	1087	1013
1013	1087	1088
1013	1088	1014
1014	1088	1089
1014	1089	1015
1015	1089	1090
1015	1090	1016
1016	1090	1091
1016	1091	1017
1017	1091	1092
1017	1092	1018
1018	1092	1093
1018	1093	1019
1019	1093	1094
1019	1094	1020
1020	1094	1095
1020	1095	1021
1021	1095	1096
1021	1096	1022
1022	1096	1097
1022	1097	1023
1023	1097	1098
1023	1098	1024
1024	1098	1099
1024	1099	1025
1025	1099	1100
1025	1100	1026
1026	1100	1101
1026	1101	1027
1027	1101	1102
1027	1102	1028
1028	1102	1103
1028	1103	1029
1029	1103	1104
1029	1104	1030
1030	1104	1105
1030	1105	1031
1031	1105	1106
1031	1106	1032
1032	1106	1107
1032	1107	1033
1033	1107	1108
1033	1108	1034
1034	1108	1109
1034	1109	1035
1035	1109	1110
1035	1110	1036
1036	1110	1111
1036	1111	1037
1037	1111	1112
1037	1112	1038
1038	1112	1113
1038	1113	1039
1039	1113	1114
1039	1114	1040
1040	1114	1115
1040	1115	1041
1041	1115	1116
1041	1116	1042
1042	1116	1117
1042	1117	1043
1043	1117	1118
1043	1118	1044
1044	1118	1119
1044	1119	1045
1045	1119	1120
1045	1120	1046
1046	1120	1121
1046	1121	1047
1047	1121	1122
1047	1122	1048
1048	1122	1123
1048	1123	1049
1049	1123	1124
1050	1125	1051
1051	1125	1126
1051	1126	1052
1052	1126	1127
1052	1127	1053
1053	1127	1128
1053	1128	1054
1054	1128	1129
1054	1129	1055
1055	1129	1130
1055	1130	1056
1056	1130	1131
1056	1131	1057
1057	1131	1132
1057	1132	1058
1058	1132	1133
1058	1133	1059
1059	1133	1134
1059	1134	1060
1060	1134	1135
1060	1135	1061
1061	1135	1136
1061	1136	1062
1062	1136	1137
1062	1137	1063
1063	1137	1138
1063	1138	1064
1064	1138	1139
1064	1139	1065
1065	1139	1140
1065	1140	1066
1066	1140	1141
1066	1141	1067
1067	1141	1142
1067	1142	1068
1068	1142	1143
1068	1143	1069
1069	1143	1144
1069	1144	1070
1070	1144	1145
1070	1145	1071
1071	1145	1146
1071	1146	1072
1072	1146	1147
1072	1147	1073
1073	1147	1148
1073	1148	1074
1074	1148	1149
1074	1149	1075
1075	1149	1150
1075	1150	1076
1076	1150	1151
1076	1151	1077
1077	1151	1152
1077	1152	1078
1078	1152	1153
1078	1153	1079
1079	1153	1154
1079	1154	1080
1080	1154	1155
1080	1155	1081
1081	1155	1156
1081	1156	1082
1082	1156	1157
1082	1157	1083
1083	1157	1158
1083	1158	1084
1084	1158	1159
1084	1159	1085
1085	1159	1160
1085	1160	1086
1086	1160	1161
1086	1161	1087
1087	1161	1162
1087	1162	1088
1088	1162	1163
1088	1163	1089
1089	1163	1164
1089	1164	1090
1090	1164	1165
1090	1165	1091
1091	1165	1166
1091	1166	1092
1092	1166	1167
1092	1167	1093
1093	1167	1168
1093	1168	1094
1094	1168	1169
1094	1169	1095
1095	1169	1170
1095	1170	1096
1096	1170	1171
1096	1171	1097
1097	1171	1172
1097	1172	1098
1098	1172	1173
1098	1173	1099
1099	1173	1174
1099	1174	1100
1100	1174	1175
1100	1175	1101
1101	1175	1176
1101	1176	1102
1102	1176	1177
1102	1177	1103
1103	1177	1178
1103	1178	1104
1104	1178	1179
1104	1179	1105
1105	1179	1180
1105	1180	1106
1106	1180	1181
1106	1181	1107
1107	1181	1182
1107	1182	1108
1108	1182	1183
1108	1183	1109
1109	1183	1184
1109	1184	1110
1110	1184	1185
1110	1185	1111
1111	1185	1186
1111	1186	1112
1112	1186	1187
1112	1187	1113
1113	1187	1188
1113	1188	1114
1114	1188	1189
1114	1189	1115
1115	1189	1190
1115	1190	1116
1116	1190	1191
1116	1191	1117
1117	1191	1192
1117	1192	1118
1118	1192	1193
1118	1193	1119
1119	1193	1194
1119	1194	1120
1120	1194	1195
1120	1195	1121
1121	1195	1196
1121	1196	1122
1122	1196	1197
1122	1197	1123
1123	1197	1198
1123	1198	1124
1124	1198	1199
1125	1200	1126
1126	1200	1201
1126	1201	1127
1127	1201	1202
1127	1202	1128
1128	1202	1203
1128	1203	1129
1129	1203	1204
1129	1204	1130
1130	1204	1205
1130	1205	1131
1131	1205	1206
1131	1206	1132
1132	1206	1207
1132	1207	1133
1133	1207	1208
1133	1208	1134
1134	1208	1209
1134	1209	1135
1135	1209	1210
1135	1210	1136
1136	1210	1211
1136	1211	1137
1137	1211	1212
1137	1212	1138
1138	1212	1213
1138	1213	1139
1139	1213	1214
1139	1214	1140
1140	1214	1215
1140	1215	1141
1141	1215	1216
1141	1216	1142
1142	1216	1217
1142	1217	1143
1143	1217	1218
1143	1218	1144
1144	1218	1219
1144	1219	1145
1145	1219	1220
1145	1220	1146
1146	1220	1221
1146	1221	1147
1147	1221	1222
1147	1222	1148
1148	1222	1223
1148	1223	1149
1149	1223	1224
1149	1224	1150
1150	1224	1225
1150	1225	1151
1151	1225	1226
1151	1226	1152
1152	1226	1227
1152	1227	1153
1153	1227	1228
1153	1228	1154
1154	1228	1229
1154	1229	1155
1155	1229	1230
1155	1230	1156
1156	1230	1231
1156	1231	1157
1157	1231	1232
1157	1232	1158
1158	1232	1233
1158	1233	1159
1159	1233	1234
1159	1234	1160
1160	1234	1235
1160	1235	1161
1161	1235	1236
1161	1236	1162
1162	1236	1237
1162	1237	1163
1163	1237	1238
1163	1238	1164
1164	1238	1239
1164	1239	1165
1165	1239	1240
1165	1240	1166
1166	1240	1241
1166	1241	1167
1167	1241	1242
1167	1242	1168
1168	1242	1243
1168	1243	1169
1169	1243	1244
1169	1244	1170
1170	1244	1245
1170	1245	1171
1171	1245	1246
1171	1246	1172
1172	1246	1247
1172	1247	1173
1173	1247	1248
1173	1248	1174
1174	1248	1249
1174	1249	1175
1175	1249	1250
1175	1250	1176
1176	1250	1251
1176	1251	1177
1177	1251	1252
1177	1252	1178
1178	1252	1253
1178	1253	1179
1179	1253	1254
1179	1254	1180
1180	1254	1255
1180	1255	1181
1181	1255	1256
1181	1256	1182
1182	1256	1257
1182	1257	1183
1183	1257	1258
1183	1258	1184
1184	1258	1259
1184	1259	1185
1185	1259	1260
1185	1260	1186
1186	1260	1261
1186	1261	1187
1187	1261	1262
1187	1262	1188
1188	1262	1263
1188	1263	1189
1189	1263	1264
1189	1264	1190
1190	1264	1265
1190	1265	1191
1191	1265	1266
1191	1266	1192
1192	1266	1267
1192	1267	1193
1193	1267	1268
1193	1268	1194
1194	1268	1269
1194	1269	1195
1195	1269	1270
1195	1270	1196
1196	1270	1271
1196	1271	1197
1197	1271	1272
1197	1272	1198
1198	1272	1273
1198	1273	1199
1199	1273	1274
1200	1275	1201
1201	1275	1276
1201	1276	1202
1202	1276	1277
1202	1277	1203
1203	1277	1278
1203	1278	1204
1204	1278	1279
1204	1279	1205
1205	1279	1280
1205	1280	1206
1206	1280	1281
1206	1281	1207
1207	1281	1282
1207	1282	1208
1208	1282	1283
1208	1283	1209
1209	1283	1284
1209	1284	1210
1210	1284	1285
1210	1285	1211
1211	1285	1286
1211	1286	1212
1212	1286	1287
1212	1287	1213
1213	1287	1288
1213	1288	1214
1214	1288	1289
1214	1289	1215
1215	1289	1290
1215	1290	1216
1216	1290	1291
1216	1291	1217
1217	1291	1292
1217	1292	1218
1218	1292	1293
1218	1293	1219
1219	1293	1294
1219	1294	1220
1220	1294	1295
1220	1295	1221
1221	1295	1296
1221	1296	1222
1222	1296	1297
1222	1297	1223
1223	1297	1298
1223	1298	1224
1224	1298	1299
1224	1299	1225
1225	1299	1300
1225	1300	1226
1226	1300	1301
1226	1301	1227
1227	1301	1302
1227	1302	1228
1228	1302	1303
1228	1303	1229
1229	1303	1304
1229	1304	1230
1230	1304	1305
1230	1305	1231
1231	1305	1306
1231	1306	1232
1232	1306	1307
1232	1307	1233
1233	1307	1308
1233	1308	1234
1234	1308	1309
1234	1309	1235
1235	1309	1310
1235	1310	1236
1236	1310	1311
1236	1311	1237
1237	1311	1312
1237	1312	1238
1238	1312	1313
1238	1313	1239
1239	1313	1314
1239	1314	1240
1240	1314	1315
1240	1315	1241
1241	1315	1316
1241	1316	1242
1242	1316	1317
1242	1317	1243
1243	1317	1318
1243	1318	1244
1244	1318	1319
1244	1319	1245
1245	1319	1320
1245	1320	1246
1246	1320	1321
1246	1321	1247
1247	1321	1322
1247	1322	1248
1248	1322	1323
1248	1323	1249
1249	1323	1324
1249	1324	1250
1250	1324	1325
1250	1325	1251
1251	1325	1326
1251	1326	1252
1252	1326	1327
1252	1327	1253
1253	1327	1328
1253	1328	1254
1254	1328	1329
1254	1329	1255
1255	1329	1330
1255	1330	1256
1256	1330	1331
1256	1331	1257
1257	1331	1332
1257	1332	1258
1258	1332	1333
1258	1333	1259
1259	1333	1334
1259	1334	1260
1260	1334	1335
1260	1335	1261
1261	1335	1336
1261	1336	1262
1262	1336	1337
1262	1337	1263
1263	1337	1338
1263	1338	1264
1264	1338	1339
1264	1339	1265
1265	1339	1340
1265	1340	1266
1266	1340	1341
1266	1341	1267
1267	1341	1342
1267	1342	1268
1268	1342	1343
1268	1343	1269
1269	1343	1344
1269	1344	1270
1270	1344	1345
1270	1345	1271
1271	1345	1346
1271	1346	1272
1272	1346	1347
1272	1347	1273
1273	1347	1348
1273	1348	1274
1274	1348	1349
1275	1350	1276
1276	1350	1351
1276	1351	1277
1277	1351	1352
1277	1352	1278
1278	1352	1353
1278	1353	1279
1279	1353	1354
1279	1354	1280
1280	1354	1355
1280	1355	1281
1281	1355	1356
1281	1356	1282
1282	1356	1357
1282	1357	1283
1283	1357	1358
1283	1358	1284
1284	1358	1359
1284	1359	1285
1285	1359	1360
1285	1360	1286
1286	1360	1361
1286	1361	1287
1287	1361	1362
1287	1362	1288
1288	1362	1363
1288	1363	1289
1289	1363	1364
1289	1364	1290
1290	1364	1365
1290	1365	1291
1291	1365	1366
1291	1366	1292
1292	1366	1367
1292	1367	1293
1293	1367	1368
1293	1368	1294
1294	1368	1369
1294	1369	1295
1295	1369	1370
1295	1370	1296
1296	1370	1371
1296	1371	1297
1297	1371	1372
1297	1372	1298
1298	1372	1373
1298	1373	1299
1299	1373	1374
1299	1374	1300
1300	1374	1375
1300	1375	1301
1301	1375	1376
1301	1376	1302
1302	1376	1377
1302	1377	1303
1303	1377	1378
1303	1378	1304
1304	1378	1379
1304	1379	1305
1305	1379	1380
1305	1380	1306
1306	1380	1381
1306	1381	1307
1307	1381	1382
1307	1382	1308
1308	1382	1383
1308	1383	1309
1309	1383	1384
1309	1384	1310
1310	1384	1385
1310	1385	1311
1311	1385	1386
1311	1386	1312
1312	1386	1387
1312	1387	1313
1313	1387	1388
1313	1388	1314
1314	1388	1389
1314	1389	1315
1315	1389	1390
1315	1390	1316
1316	1390	1391
1316	1391	1317
1317	1391	1392
1317	1392	1318
1318	1392	1393
1318	1393	1319
1319	1393	1394
1319	1394	1320
1320	1394	1395
1320	1395	1321
1321	1395	1396
1321	1396	1322
1322	1396	1397
1322	1397	1323
1323	1397	1398
1323	1398	1324
1324	1398	1399
1324	1399	1325
1325	1399	1400
1325	1400	1326
1326	1400	1401
1326	1401	1327
1327	1401	1402
1327	1402	1328
1328	1402	1403
1328	1403	1329
1329	1403	1404
1329	1404	1330
1330	1404	1405
1330	1405	1331
1331	1405	1406
1331	1406	1332
1332	1406	1407
1332	1407	1333
1333	1407	1408
1333	1408	1334
1334	1408	1409
1334	1409	1335
1335	1409	1410
1335	1410	1336
1336	1410	1411
1336	1411	1337
1337	1411	1412
1337	1412	1338
1338	1412	1413
1338	1413	1339
1339	1413	1414
1339	1414	1340
1340	1414	1415
1340	1415	1341
1341	1415	1416
1341	1416	1342
1342	1416	1417
1342	1417	1343
1343	1417	1418
1343	1418	1344
1344	1418	1419
1344	1419	1345
1345	1419	1420
1345	1420	1346
1346	1420	1421
1346	1421	1347
1347	1421	1422
1347	1422	1348
1348	1422	1423
1348	1423	1349
1349	1423	1424
1350	1425	1351
1351	1425	1426
1351	1426	1352
1352	1426	1427
1352	1427	1353
1353	1427	1428
1353	1428	1354
1354	1428	1429
1354	1429	1355
1355	1429	1430
1355	1430	1356
1356	1430	1431
1356	1431	1357
1357	1431	1432
1357	1432	1358
1358	1432	1433
1358	1433	1359
1359	1433	1434
1359	1434	1360
1360	1434	1435
1360	1435	1361
1361	1435	1436
1361	1436	1362
1362	1436	1437
1362	1437	1363
1363	1437	1438
1363	1438	1364
1364	1438	1439
1364	1439	1365
1365	1439	1440
1365	1440	1366
1366	1440	1441
1366	1441	1367
1367	1441	1442
1367	1442	1368
1368	1442	1443
1368	1443	1369
1369	1443	1444
1369	1444	1370
1370	1444	1445
1370	1445	1371
1371	1445	1446
1371	1446	1372
1372	1446	1447
1372	1447	1373
1373	1447	1448
1373	1448	1374
1374	1448	1449
1374	1449	1375
1375	1449	1450
1375	1450	1376
1376	1450	1451
1376	1451	1377
1377	1451	1452
1377	1452	1378
1378	1452	1453
1378	1453	1379
1379	1453	1454
1379	1454	1380
1380	1454	1455
1380	1455	1381
1381	1455	1456
1381	1456	1382
1382	1456	1457
1382	1457	1383
1383	1457	1458
1383	1458	1384
1384	1458	1459
1384	1459	1385
1385	1459	1460
1385	1460	1386
1386	1460	1461
1386	1461	1387
1387	1461	1462
1387	1462	1388
1388	1462	1463
1388	1463	1389
1389	1463	1464
1389	1464	1390
1390	1464	1465
1390	1465	1391
1391	1465	1466
1391	1466	1392
1392	1466	1467
1392	1467	1393
1393	1467	1468
1393	1468	1394
1394	1468	1469
1394	1469	1395
1395	1469	1470
1395	1470	1396
1396	1470	1471
1396	1471	1397
1397	1471	1472
1397	1472	1398
1398	1472	1473
1398	1473	1399
1399	1473	1474
1399	1474	1400
1400	1474	1475
1400	1475	1401
1401	1475	1476
1401	1476	1402
1402	1476	1477
1402	1477	1403
1403	1477	1478
1403	1478	1404
1404	1478	1479
1404	1479	1405
1405	1479	1480
1405	1480	1406
1406	1480	1481
1406	1481	1407
1407	1481	1482
1407	1482	1408
1408	1482	1483
1408	1483	1409
1409	1483	1484
1409	1484	1410
1410	1484	1485
1410	1485	1411
1411	1485	1486
1411	1486	1412
1412	1486	1487
1412	1487	1413
1413	1487	1488
1413	1488	1414
1414	1488	1489
1414	1489	1415
1415	1489	1490
1415	1490	1416
1416	1490	1491
1416	1491	1417
1417	1491	1492
1417	1492	1418
1418	1492	1493
1418	1493	1419
1419	1493	1494
1419	1494	1420
1420	1494	1495
1420	1495	1421
1421	1495	1496
1421	1496	1422
1422	1496	1497
1422	1497	1423
1423	1497	1498
1423	1498	1424
1424	1498	1499
1425	1500	1426
1426	1500	1501
1426	1501	1427
1427	1501	1502
1427	1502	1428
1428	1502	1503
1428	1503	1429
1429	1503	1504
1429	1504	1430
1430	1504	1505
1430	1505	1431
1431	1505	1506
1431	1506	1432
1432	1506	1507
1432	1507	1433
1433	1507	1508
1433	1508	1434
1434	1508	1509
1434	1509	1435
1435	1509	1510
1435	1510	1436
1436	1510	1511
1436	1511	1437
1437	1511	1512
1437	1512	1438
1438	1512	1513
1438	1513	1439
1439	1513	1514
1439	1514	1440
1440	1514	1515
1440	1515	1441
1441	1515	1516
1441	1516	1442
1442	1516	1517
1442	1517	1443
1443	1517	1518
1443	1518	1444
1444	1518	1519
1444	1519	1445
1445	1519	1520
1445	1520	1446
1446	1520	1521
1446	1521	1447
1447	1521	1522
1447	1522	1448
1448	1522	1523
1448	1523	1449
1449	1523	1524
1449	1524	1450
1450	1524	1525
1450	1525	1451
1451	1525	1526
1451	1526	1452
1452	1526	1527
1452	1527	1453
1453	1527	1528
1453	1528	1454
1454	1528	1529
1454	1529	1455
1455	1529	1530
1455	1530	1456
1456	1530	1531
1456	1531	1457
1457	1531	1532
1457	1532	1458
1458	1532	1533
1458	1533	1459
1459	1533	1534
1459	1534	1460
1460	1534	1535
1460	1535	1461
1461	1535	1536
1461	1536	1462
1462	1536	1537
1462	1537	1463
1463	1537	1538
1463	1538	1464
1464	1538	1539
1464	1539	1465
1465	1539	1540
1465	1540	1466
1466	1540	1541
1466	1541	1467
1467	1541	1542
1467	1542	1468
1468	1542	1543
1468	1543	1469
1469	1543	1544
1469	1544	1470
1470	1544	1545
1470	1545	1471
1471	1545	1546
1471	1546	1472
1472	1546	1547
1472	1547	1473
1473	1547	1548
1473	1548	1474
1474	1548	1549
1474	1549	1475
1475	1549	1550
1475	1550	1476
1476	1550	1551
1476	1551	1477
1477	1551	1552
1477	1552	1478
1478	1552	1553
1478	1553	1479
1479	1553	1554
1479	1554	1480
1480	1554	1555
1480	1555	1481
1481	1555	1556
1481	1556	1482
1482	1556	1557
1482	1557	1483
1483	1557	1558
1483	1558	1484
1484	1558	1559
1484	1559	1485
1485	1559	1560
1485	1560	1486
1486	1560	1561
1486	1561	1487
1487	1561	1562
1487	1562	1488
1488	1562	1563
1488	1563	1489
1489	1563	1564
1489	1564	1490
1490	1564	1565
1490	1565	1491
1491	1565	1566
1491	1566	1492
1492	1566	1567
1492	1567	1493
1493	1567	1568
1493	1568	1494
1494	1568	1569
1494	1569	1495
1495	1569	1570
1495	1570	1496
1496	1570	1571
1496	1571	1497
1497	1571	1572
1497	1572	1498
1498	1572	1573
1498	1573	1499
1499	1573	1574
1500	1575	1501
1501	1575	1576
1501	1576	1502
1502	1576	1577
1502	1577	1503
1503	1577	1578
1503	1578	1504
1504	1578	1579
1504	1579	1505
1505	1579	1580
1505	1580	1506
1506	1580	1581
1506	1581	1507
1507	1581	1582
1507	1582	1508
1508	1582	1583
1508	1583	1509
1509	1583	1584
1509	1584	1510
1510	1584	1585
1510	1585	1511
1511	1585	1586
1511	1586	1512
1512	1586	1587
1512	1587	1513
1513	1587	1588
1513	1588	1514
1514	1588	1589
1514	1589	1515
1515	1589	1590
1515	1590	1516
1516	1590	1591
1516	1591	1517
1517	1591	1592
1517	1592	1518
1518	1592	1593
1518	1593	1519
1519	1593	1594
1519	1594	1520
1520	1594	1595
1520	1595	1521
1521	1595	1596
1521	1596	1522
1522	1596	1597
1522	1597	1523
1523	1597	1598
1523	1598	1524
1524	1598	1599
1524	1599	1525
1525	1599	1600
1525	1600	1526
1526	1600	1601
1526	1601	1527
1527	1601	1602
1527	1602	1528
1528	1602	1603
1528	1603	1529
1529	1603	1604
1529	1604	1530
1530	1604	1605
1530	1605	1531
1531	1605	1606
1531	1606	1532
1532	1606	1607
1532	1607	1533
1533	1607	1608
1533	1608	1534
1534	1608	1609
1534	1609	1535
1535	1609	1610
1535	1610	1536
1536	1610	1611
1536	1611	1537
1537	1611	1612
1537	1612	1538
1538	1612	1613
1538	1613	1539
1539	1613	1614
1539	1614	1540
1540	1614	1615
1540	1615	1541
1541	1615	1616
1541	1616	1542
1542	1616	1617
1542	1617	1543
1543	1617	1618
1543	1618	1544
1544	1618	1619
1544	1619	1545
1545	1619	1620
1545	1620	1546
1546	1620	1621
1546	1621	1547
1547	1621	1622
1547	1622	1548
1548	1622	1623
1548	1623	1549
1549	1623	1624
1549	1624	1550
1550	1624	1625
1550	1625	1551
1551	1625	1626
1551	1626	1552
1552	1626	1627
1552	1627	1553
1553	1627	1628
1553	1628	1554
1554	1628	1629
1554	1629	1555
1555	1629	1630
1555	1630	1556
1556	1630	1631
1556	1631	1557
1557	1631	1632
1557	1632	1558
1558	1632	1633
1558	1633	1559
1559	1633	1634
1559	1634	1560
1560	1634	1635
1560	1635	1561
1561	1635	1636
1561	1636	1562
1562	1636	1637
1562	1637	1563
1563	1637	1638
1563	1638	1564
1564	1638	1639
1564	1639	1565
1565	1639	1640
1565	1640	1566
1566	1640	1641
1566	1641	1567
1567	1641	1642
1567	1642	1568
1568	1642	1643
1568	1643	1569
1569	1643	1644
1569	1644	1570
1570	1644	1645
1570	1645	1571
1571	1645	1646
1571	1646	1572
1572	1646	1647
1572	1647	1573
1573	1647	1648
1573	1648	1574
1574	1648	1649
1575	1650	1576
1576	1650	1651
1576	1651	1577
1577	1651	1652
1577	1652	1578
1578	1652	1653
1578	1653	1579
1579	1653	1654
1579	1654	1580
1580	1654	1655
1580	1655	1581
1581	1655	1656
1581	1656	1582
1582	1656	1657
1582	1657	1583
1583	1657	1658
1583	1658	1584
1584	1658	1659
1584	1659	1585
1585	1659	1660
1585	1660	1586
1586	1660	1661
1586	1661	1587
1587	1661	1662
1587	1662	1588
1588	1662	1663
1588	1663	1589
1589	1663	1664
1589	1664	1590
1590	1664	1665
1590	1665	1591
1591	1665	1666
1591	1666	1592
1592	1666	1667
1592	1667	1593
1593	1667	1668
1593	1668	1594
1594	1668	1669
1594	1669	1595
1595	1669	1670
1595	1670	1596
1596	1670	1671
1596	1671	1597
1597	1671	1672
1597	1672	1598
1598	1672	1673
1598	1673	1599
1599	1673	1674
1599	1674	1600
1600	1674	1675
1600	1675	1601
1601	1675	1676
1601	1676	1602
1602	1676	1677
1602	1677	1603
1603	1677	1678
1603	1678	1604
1604	1678	1679
1604	1679	1605
1605	1679	1680
1605	1680	1606
1606	1680	1681
1606	1681	1607
1607	1681	1682
1607	1682	1608
1608	1682	1683
1608	1683	1609
1609	1683	1684
1609	1684	1610
1610	1684	1685
1610	1685	1611
1611	1685	1686
1611	1686	1612
1612	1686	1687
1612	1687	1613
1613	1687	1688
1613	1688	1614
1614	1688	1689
1614	1689	1615
1615	1689	1690
1615	1690	1616
1616	1690	1691
1616	1691	1617
1617	1691	1692
1617	1692	1618
1618	1692	1693
1618	1693	1619
1619	1693	1694
1619	1694	1620
1620	1694	1695
1620	1695	1621
1621	1695	1696
1621	1696	1622
1622	1696	1697
1622	1697	1623
1623	1697	1698
1623	1698	1624
1624	1698	1699
1624	1699	1625
1625	1699	1700
1625	1700	1626
1626	1700	1701
1626	1701	1627
1627	1701	1702
1627	1702	1628
1628	1702	1703
1628	1703	1629
1629	1703	1704
1629	1704	1630
1630	1704	1705
1630	1705	1631
1631	1705	1706
1631	1706	1632
1632	1706	1707
1632	1707	1633
1633	1707	1708
1633	1708	1634
1634	1708	1709
1634	1709	1635
1635	1709	1710
1635	1710	1636
1636	1710	1711
1636	1711	1637
1637	1711	1712
1637	1712	1638
1638	1712	1713
1638	1713	1639
1639	1713	1714
1639	1714	1640
1640	1714	1715
1640	1715	1641
1641	1715	1716
1641	1716	1642
1642	1716	1717
1642	1717	1643
1643	1717	1718
1643	1718	1644
1644	1718	1719
1644	1719	1645
1645	1719	1720
1645	1720	1646
1646	1720	1721
1646	1721	1647
1647	1721	1722
1647	1722	1648
1648	1722	1723
1648	1723	1649
1649	1723	1724
1650	1725	1651
1651	1725	1726
1651	1726	1652
1652	1726	1727
1652	1727	1653
1653	1727	1728
1653	1728	1654
1654	1728	1729
1654	1729	1655
1655	1729	1730
1655	1730	1656
1656	1730	1731
1656	1731	1657
1657	1731	1732
1657	1732	1658
1658	1732	1733
1658	1733	1659
1659	1733	1734
1659	1734	1660
1660	1734	1735
1660	1735	1661
1661	1735	1736
1661	1736	1662
1662	1736	1737
1662	1737	1663
1663	1737	1738
1663	1738	1664
1664	1738	1739
1664	1739	1665
1665	1739	1740
1665	1740	1666
1666	1740	1741
1666	1741	1667
1667	1741	1742
1667	1742	1668
1668	1742	1743
1668	1743	1669
1669	1743	1744
1669	1744	1670
1670	1744	1745
1670	1745	1671
1671	1745	1746
1671	1746	1672
1672	1746	1747
1672	1747	1673
1673	1747	1748
1673	1748	1674
1674	1748	1749
1674	1749	1675
1675	1749	1750
1675	1750	1676
1676	1750	1751
1676	1751	1677
1677	1751	1752
1677	1752	1678
1678	1752	1753
1678	1753	1679
1679	1753	1754
1679	1754	1680
1680	1754	1755
1680	1755	1681
1681	1755	1756
1681	1756	1682
1682	1756	1757
1682	1757	1683
1683	1757	1758
1683	1758	1684
1684	1758	1759
1684	1759	1685
1685	1759	1760
1685	1760	1686
1686	1760	1761
1686	1761	1687
1687	1761	1762
1687	1762	1688
1688	1762	1763
1688	1763	1689
1689	1763	1764
1689	1764	1690
1690	1764	1765
1690	1765	1691
1691	1765	1766
1691	1766	1692
1692	1766	1767
1692	1767	1693
1693	1767	1768
1693	1768	1694
1694	1768	1769
1694	1769	1695
1695	1769	1770
1695	1770	1696
1696	1770	1771
1696	1771	1697
1697	1771	1772
1697	1772	1698
1698	1772	1773
1698	1773	1699
1699	1773	1774
1699	1774	1700
1700	1774	1775
1700	1775	1701
1701	1775	1776
1701	1776	1702
1702	1776	1777
1702	1777	1703
1703	1777	1778
1703	1778	1704
1704	1778	1779
1704	1779	1705
1705	1779	1780
1705	1780	1706
1706	1780	1781
1706	1781	1707
1707	1781	1782
1707	1782	1708
1708	1782	1783
1708	1783	1709
1709	1783	1784
1709	1784	1710
1710	1784	1785
1710	1785	1711
1711	1785	1786
1711	1786	1712
1712	1786	1787
1712	1787	1713
1713	1787	1788
1713	1788	1714
1714	1788	1789
1714	1789	1715
1715	1789	1790
1715	1790	1716
1716	1790	1791
1716	1791	1717
1717	1791	1792
1717	1792	1718
1718	1792	1793
1718	1793	1719
1719	1793	1794
1719	1794	1720
1720	1794	1795
1720	1795	1721
1721	1795	1796
1721	1796	1722
1722	1796	1797
1722	1797	1723
1723	1797	1798
1723	1798	1724
1724	1798	1799
1725	1800	1726
1726	1800	1801
1726	1801	1727
1727	1801	1802
1727	1802	1728
1728	1802	1803
1728	1803	1729
1729	1803	1804
1729	1804	1730
1730	1804	1805
1730	1805	1731
1731	1805	1806
1731	1806	1732
1732	1806	1807
1732	1807	1733
1733	1807	1808
1733	1808	1734
1734	1808	1809
1734	1809	1735
1735	1809	1810
1735	1810	1736
1736	1810	1811
1736	1811	1737
1737	1811	1812
1737	1812	1738
1738	1812	1813
1738	1813	1739
1739	1813	1814
1739	1814	1740
1740	1814	1815
1740	1815	1741
1741	1815	1816
1741	1816	1742
1742	1816	1817
1742	1817	1743
1743	1817	1818
1743	1818	1744
1744	1818	1819
1744	1819	1745
1745	1819	1820
1745	1820	1746
1746	1820	1821
1746	1821	1747
1747	1821	1822
1747	1822	1748
1748	1822	1823
1748	1823	1749
1749	1823	1824
1749	1824	1750
1750	1824	1825
1750	1825	1751
1751	1825	1826
1751	1826	1752
1752	1826	1827
1752	1827	1753
1753	1827	1828
1753	1828	1754
1754	1828	1829
1754	1829	1755
1755	1829	1830
1755	1830	1756
1756	1830	1831
1756	1831	1757
1757	1831	1832
1757	1832	1758
1758	1832	1833
1758	1833	1759
1759	1833	1834
1759	1834	1760
1760	1834	1835
1760	1835	1761
1761	1835	1836
1761	1836	1762
1762	1836	1837
1762	1837	1763
1763	1837	1838
1763	1838	1764
1764	1838	1839
1764	1839	1765
1765	1839	1840
1765	1840	1766
1766	1840	1841
1766	1841	1767
1767	1841	1842
1767	1842	1768
1768	1842	1843
1768	1843	1769
1769	1843	1844
1769	1844	1770
1770	1844	1845
1770	1845	1771
1771	1845	1846
1771	1846	1772
1772	1846	1847
1772	1847	1773
1773	1847	1848
1773	1848	1774
1774	1848	1849
1774	1849	1775
1775	1849	1850
1775	1850	1776
1776	1850	1851
1776	1851	1777
1777	1851	1852
1777	1852	1778
1778	1852	1853
1778	1853	1779
1779	1853	1854
1779	1854	1780
1780	1854	1855
1780	1855	1781
1781	1855	1856
1781	1856	1782
1782	1856	1857
1782	1857	1783
1783	1857	1858
1783	1858	1784
1784	1858	1859
1784	1859	1785
1785	1859	1860
1785	1860	1786
1786	1860	1861
1786	1861	1787
1787	1861	1862
1787	1862	1788
1788	1862	1863
1788	1863	1789
1789	1863	1864
1789	1864	1790
1790	1864	1865
1790	1865	1791
1791	1865	1866
1791	1866	1792
1792	1866	1867
1792	1867	1793
1793	1867	1868
1793	1868	1794
1794	1868	1869
1794	1869	1795
1795	1869	1870
1795	1870	1796
1796	1870	1871
1796	1871	1797
1797	1871	1872
1797	1872	1798
1798	1872	1873
1798	1873	1799
1799	1873	1874
1800	0	1801
1801	0	1
1801	1	1802
1802	1	2
1802	2	1803
1803	2	3
1803	3	1804
1804	3	4
1804	4	1805
1805	4	5
1805	5	1806
1806	5	6
1806	6	1807
1807	6	7
1807	7	1808
1808	7	8
1808	8	1809
1809	8	9
1809	9	1810
1810	9	10
1810	10	1811
1811	10	11
1811	11	1812
1812	11	12
1812	12	1813
1813	12	13
1813	13	1814
1814	13	14
1814	14	1815
1815	14	15
1815	15	1816
1816	15	16
1816	16	1817
1817	16	17
1817	17	1818
1818	17	18
1818	18	1819
1819	18	19
1819	19	1820
1820	19	20
1820	20	1821
1821	20	21
1821	21	1822
1822	21	22
1822	22	1823
1823	22	23
1823	23	1824
1824	23	24
1824	24	1825
1825	24	25
1825	25	1826
1826	25	26
1826	26	1827
1827	26	27
1827	27	1828
1828	27	28
1828	28	1829
1829	28	29
1829	29	1830
1830	29	30
1830	30	1831
1831	30	31
1831	31	1832
1832	31	32
1832	32	1833
1833	32	33
1833	33	1834
1834	33	34
1834	34	1835
1835	34	35
1835	35	1836
1836	35	36
1836	36	1837
1837	36	37
1837	37	1838
1838	37	38
1838	38	1839
1839	38	39
1839	39	1840
1840	39	40
1840	40	1841
1841	40	41
1841	41	1842
1842	41	42
1842	42	1843
1843	42	43
1843	43	1844
1844	43	44
1844	44	1845
1845	44	45
1845	45	1846
1846	45	46
1846	46	1847
1847	46	47
1847	47	1848
1848	47	48
1848	48	1849
1849	48	49
1849	49	1850
1850	49	50
1850	50	1851
1851	50	51
1851	51	1852
1852	51	52
1852	52	1853
1853	52	53
1853	53	1854
1854	53	54
1854	54	1855
1855	54	55
1855	55	1856
1856	55	56
1856	56	1857
1857	56	57
1857	57	1858
1858	57	58
1858	58	1859
1859	58	59
1859	59	1860
1860	59	60
1860	60	1861
1861	60	61
1861	61	1862
1862	61	62
1862	62	1863
1863	62	63
1863	63	1864
1864	63	64
1864	64	1865
1865	64	65
1865	65	1866
1866	65	66
1866	66	1867
1867	66	67
1867	67	1868
1868	67	68
1868	68	1869
1869	68	69
1869	69	1870
1870	69	70
1870	70	1871
1871	70	71
1871	71	1872
1872	71	72
1872	72	1873
1873	72	73
1873	73	1874
1874	73	74
