*Verts
0.003125	0.7	0	1
0.0432277	0.702148	0	1
0.0817268	0.703693	0	1
0.118454	0.704428	0	1
0.15324	0.704146	0	1
0.185918	0.702642	0	1
0.216317	0.699708	0	1
0.244271	0.695139	0	1
0.269609	0.688727	0	1
0.292165	0.680266	0	1
0.311768	0.66955	0	1
0.328251	0.656371	0	1
0.341445	0.640525	0	1
0.351181	0.621803	0	1
0.357292	0.6	0	1
0.357292	0.6	0	1
0.360356	0.577687	0	1
0.361142	0.557434	0	1
0.359765	0.539037	0	1
0.356338	0.522287	0	1
0.350975	0.506979	0	1
0.343789	0.492906	0	1
0.334896	0.479861	0	1
0.324408	0.467638	0	1
0.312439	0.456031	0	1
0.299104	0.444833	0	1
0.284516	0.433837	0	1
0.268789	0.422838	0	1
0.252038	0.411627	0	1
0.234375	0.4	0	1
0.234375	0.4	0	1
0.232291	0.382922	0	1
0.234345	0.367342	0	1
0.240275	0.353171	0	1
0.249821	0.34032	0	1
0.262719	0.3287	0	1
0.278708	0.318222	0	1
0.297526	0.308796	0	1
0.318911	0.300335	0	1
0.342601	0.292748	0	1
0.368334	0.285946	0	1
0.395848	0.279842	0	1
0.424882	0.274344	0	1
0.455172	0.269365	0	1
0.486458	0.264815	0	1
0.486458	0.264815	0	1
0.515404	0.258573	0	1
0.539201	0.248666	0	1
0.558373	0.235229	0	1
0.573448	0.218394	0	1
0.584952	0.198296	0	1
0.59341	0.175067	0	1
0.599349	0.148843	0	1
0.603295	0.119755	0	1
0.605774	0.087938	0	1
0.607313	0.0535255	0	1
0.608437	0.0166512	0	1
0.609673	-0.0225516	0	1
0.611546	-0.0639489	0	1
0.614583	-0.107407	0	1
0.614583	-0.107407	0	1
0.617782	-0.151389	0	1
0.619892	-0.194633	0	1
0.621068	-0.237424	0	1
0.621465	-0.280045	0	1
0.621238	-0.32278	0	1
0.620542	-0.365911	0	1
0.619531	-0.409722	0	1
0.618361	-0.454497	0	1
0.617187	-0.50052	0	1
0.616162	-0.548073	0	1
0.615444	-0.59744	0	1
0.615185	-0.648904	0	1
0.615541	-0.702749	0	1
0.616667	-0.759259	0	1
0.616667	-0.759259	0	1
0.616619	-0.812379	0	1
0.613481	-0.856441	0	1
0.607445	-0.892307	0	1
0.598706	-0.92084	0	1
0.587457	-0.942902	0	1
0.573892	-0.959356	0	1
0.558203	-0.971065	0	1
0.540586	-0.97889	0	1
0.521232	-0.983694	0	1
0.500337	-0.986341	0	1
0.478094	-0.987691	0	1
0.454695	-0.988608	0	1
0.430336	-0.989955	0	1
0.405208	-0.992593	0	1
0.405208	-0.992593	0	1
0.381833	-0.99559	0	1
0.362145	-0.997527	0	1
0.345463	-0.998533	0	1
0.331107	-0.998737	0	1
0.318396	-0.998268	0	1
0.306648	-0.997257	0	1
0.295182	-0.995833	0	1
0.283318	-0.994126	0	1
0.270374	-0.992265	0	1
0.25567	-0.990379	0	1
0.238524	-0.988599	0	1
0.218255	-0.987053	0	1
0.194182	-0.985872	0	1
0.165625	-0.985185	0	1
0.165625	-0.985185	0	1
0.136701	-0.984762	0	1
0.11178	-0.984294	0	1
0.0905635	-0.983794	0	1
0.0727496	-0.983274	0	1
0.058038	-0.982746	0	1
0.0461279	-0.982221	0	1
0.0367188	-0.981713	0	1
0.0295098	-0.981233	0	1
0.0242005	-0.980794	0	1
0.0204902	-0.980407	0	1
0.0180781	-0.980085	0	1
0.0166636	-0.97984	0	1
0.0159462	-0.979684	0	1
0.015625	-0.97963	0	1
0.00302682	0.7	-0.000777156	1
0.0418696	0.702148	-0.0107503	1
0.0791592	0.703693	-0.0203246	1
0.114732	0.704428	-0.0294583	1
0.148426	0.704146	-0.0381093	1
0.180077	0.702642	-0.0462359	1
0.209521	0.699708	-0.053796	1
0.236597	0.695139	-0.0607477	1
0.261139	0.688727	-0.0670491	1
0.282986	0.680266	-0.0726584	1
0.301973	0.66955	-0.0775336	1
0.317938	0.656371	-0.0816327	1
0.330718	0.640525	-0.0849139	1
0.340148	0.621803	-0.0873353	1
0.346067	0.6	-0.0888548	1
0.346067	0.6	-0.0888548	1
0.349035	0.577687	-0.0896169	1
0.349797	0.557434	-0.0898125	1
0.348463	0.539037	-0.08947	1
0.345143	0.522287	-0.0886177	1
0.339948	0.506979	-0.0872839	1
0.332989	0.492906	-0.085497	1
0.324374	0.479861	-0.0832852	1
0.314216	0.467638	-0.0806769	1
0.302623	0.456031	-0.0777005	1
0.289707	0.444833	-0.0743842	1
0.275578	0.433837	-0.0707563	1
0.260345	0.422838	-0.0668452	1
0.24412	0.411627	-0.0626792	1
0.227012	0.4	-0.0582867	1
0.227012	0.4	-0.0582867	1
0.224993	0.382922	-0.0577683	1
0.226982	0.367342	-0.0582791	1
0.232727	0.353171	-0.0597541	1
0.241972	0.34032	-0.0621279	1
0.254465	0.3287	-0.0653356	1
0.269952	0.318222	-0.0693119	1
0.288179	0.308796	-0.0739917	1
0.308892	0.300335	-0.0793099	1
0.331837	0.292748	-0.0852014	1
0.356762	0.285946	-0.0916009	1
0.383412	0.279842	-0.0984434	1
0.411533	0.274344	-0.105664	1
0.440872	0.269365	-0.113197	1
0.471175	0.264815	-0.120977	1
0.471175	0.264815	-0.120977	1
0.499212	0.258573	-0.128176	1
0.522261	0.248666	-0.134094	1
0.540831	0.235229	-0.138862	1
0.555432	0.218394	-0.142611	1
0.566574	0.198296	-0.145472	1
0.574767	0.175067	-0.147575	1
0.580519	0.148843	-0.149052	1
0.584341	0.119755	-0.150033	1
0.586743	0.087938	-0.15065	1
0.588233	0.0535255	-0.151033	1
0.589322	0.0166512	-0.151312	1
0.590519	-0.0225516	-0.151619	1
0.592333	-0.0639489	-0.152085	1
0.595275	-0.107407	-0.152841	1
0.595275	-0.107407	-0.152841	1
0.598373	-0.151389	-0.153636	1
0.600417	-0.194633	-0.154161	1
0.601556	-0.237424	-0.154453	1
0.601941	-0.280045	-0.154552	1
0.601721	-0.32278	-0.154496	1
0.601046	-0.365911	-0.154322	1
0.600067	-0.409722	-0.154071	1
0.598934	-0.454497	-0.15378	1
0.597797	-0.50052	-0.153488	1
0.596805	-0.548073	-0.153233	1
0.596108	-0.59744	-0.153055	1
0.595858	-0.648904	-0.15299	1
0.596202	-0.702749	-0.153079	1
0.597293	-0.759259	-0.153359	1
0.597293	-0.759259	-0.153359	1
0.597247	-0.812379	-0.153347	1
0.594207	-0.856441	-0.152566	1
0.588361	-0.892307	-0.151066	1
0.579897	-0.92084	-0.148892	1
0.569001	-0.942902	-0.146095	1
0.555862	-0.959356	-0.142721	1
0.540666	-0.971065	-0.138819	1
0.523602	-0.97889	-0.134438	1
0.504857	-0.983694	-0.129625	1
0.484618	-0.986341	-0.124429	1
0.463073	-0.987691	-0.118897	1
0.44041	-0.988608	-0.113078	1
0.416816	-0.989955	-0.10702	1
0.392478	-0.992593	-0.100771	1
0.392478	-0.992593	-0.100771	1
0.369837	-0.99559	-0.0949579	1
0.350767	-0.997527	-0.0900617	1
0.33461	-0.998533	-0.0859132	1
0.320705	-0.998737	-0.082343	1
0.308393	-0.998268	-0.0791818	1
0.297014	-0.997257	-0.0762602	1
0.285909	-0.995833	-0.0734088	1
0.274417	-0.994126	-0.0704584	1
0.26188	-0.992265	-0.0672394	1
0.247638	-0.990379	-0.0635825	1
0.23103	-0.988599	-0.0593185	1
0.211398	-0.987053	-0.0542778	1
0.188082	-0.985872	-0.0482912	1
0.160422	-0.985185	-0.0411893	1
0.160422	-0.985185	-0.0411893	1
0.132406	-0.984762	-0.033996	1
0.108268	-0.984294	-0.0277986	1
0.0877183	-0.983794	-0.0225222	1
0.0704641	-0.983274	-0.0180921	1
0.0562146	-0.982746	-0.0144335	1
0.0446787	-0.982221	-0.0114715	1
0.0355652	-0.981713	-0.00913158	1
0.0285827	-0.981233	-0.0073388	1
0.0234402	-0.980794	-0.00601843	1
0.0198464	-0.980407	-0.0050957	1
0.0175101	-0.980085	-0.00449584	1
0.0161401	-0.97984	-0.00414408	1
0.0154452	-0.979684	-0.00396565	1
0.0151341	-0.97963	-0.00388578	1
0.00273846	0.7	-0.00150548	1
0.0378807	0.702148	-0.0208251	1
0.0716177	0.703693	-0.0393722	1
0.103802	0.704428	-0.0570656	1
0.134286	0.704146	-0.0738241	1
0.162921	0.702642	-0.0895666	1
0.18956	0.699708	-0.104212	1
0.214056	0.695139	-0.117678	1
0.236261	0.688727	-0.129885	1
0.256026	0.680266	-0.140751	1
0.273205	0.66955	-0.150195	1
0.287649	0.656371	-0.158136	1
0.299211	0.640525	-0.164492	1
0.307743	0.621803	-0.169183	1
0.313097	0.6	-0.172127	1
0.313097	0.6	-0.172127	1
0.315782	0.577687	-0.173603	1
0.316472	0.557434	-0.173982	1
0.315265	0.539037	-0.173318	1
0.312261	0.522287	-0.171667	1
0.307562	0.506979	-0.169083	1
0.301265	0.492906	-0.165622	1
0.293471	0.479861	-0.161337	1
0.284281	0.467638	-0.156285	1
0.273793	0.456031	-0.150519	1
0.262107	0.444833	-0.144094	1
0.249323	0.433837	-0.137067	1
0.235542	0.422838	-0.12949	1
0.220862	0.411627	-0.12142	1
0.205384	0.4	-0.112911	1
0.205384	0.4	-0.112911	1
0.203558	0.382922	-0.111907	1
0.205358	0.367342	-0.112896	1
0.210555	0.353171	-0.115754	1
0.21892	0.34032	-0.120352	1
0.230222	0.3287	-0.126566	1
0.244234	0.318222	-0.134269	1
0.260724	0.308796	-0.143334	1
0.279464	0.300335	-0.153637	1
0.300223	0.292748	-0.165049	1
0.322774	0.285946	-0.177446	1
0.346884	0.279842	-0.190701	1
0.372327	0.274344	-0.204688	1
0.398871	0.269365	-0.219281	1
0.426287	0.264815	-0.234353	1
0.426287	0.264815	-0.234353	1
0.451652	0.258573	-0.248298	1
0.472505	0.248666	-0.259762	1
0.489306	0.235229	-0.268998	1
0.502516	0.218394	-0.276261	1
0.512597	0.198296	-0.281803	1
0.520009	0.175067	-0.285877	1
0.525214	0.148843	-0.288739	1
0.528672	0.119755	-0.29064	1
0.530844	0.087938	-0.291834	1
0.532192	0.0535255	-0.292575	1
0.533177	0.0166512	-0.293117	1
0.53426	-0.0225516	-0.293712	1
0.535902	-0.0639489	-0.294615	1
0.538563	-0.107407	-0.296078	1
0.538563	-0.107407	-0.296078	1
0.541367	-0.151389	-0.297619	1
0.543215	-0.194633	-0.298635	1
0.544246	-0.237424	-0.299202	1
0.544594	-0.280045	-0.299393	1
0.544395	-0.32278	-0.299284	1
0.543785	-0.365911	-0.298948	1
0.542899	-0.409722	-0.298461	1
0.541874	-0.454497	-0.297898	1
0.540845	-0.50052	-0.297332	1
0.539947	-0.548073	-0.296839	1
0.539317	-0.59744	-0.296492	1
0.53909	-0.648904	-0.296367	1
0.539402	-0.702749	-0.296539	1
0.540389	-0.759259	-0.297081	1
0.540389	-0.759259	-0.297081	1
0.540348	-0.812379	-0.297059	1
0.537597	-0.856441	-0.295547	1
0.532309	-0.892307	-0.292639	1
0.52465	-0.92084	-0.288429	1
0.514793	-0.942902	-0.28301	1
0.502905	-0.959356	-0.276474	1
0.489157	-0.971065	-0.268916	1
0.473719	-0.97889	-0.260429	1
0.456759	-0.983694	-0.251106	1
0.438449	-0.986341	-0.241039	1
0.418957	-0.987691	-0.230323	1
0.398452	-0.988608	-0.219051	1
0.377106	-0.989955	-0.207316	1
0.355087	-0.992593	-0.195211	1
0.355087	-0.992593	-0.195211	1
0.334603	-0.99559	-0.183949	1
0.31735	-0.997527	-0.174465	1
0.302732	-0.998533	-0.166428	1
0.290151	-0.998737	-0.159512	1
0.279012	-0.998268	-0.153388	1
0.268718	-0.997257	-0.147729	1
0.25867	-0.995833	-0.142205	1
0.248274	-0.994126	-0.13649	1
0.236931	-0.992265	-0.130254	1
0.224045	-0.990379	-0.12317	1
0.20902	-0.988599	-0.11491	1
0.191258	-0.987053	-0.105145	1
0.170163	-0.985872	-0.0935481	1
0.145138	-0.985185	-0.0797905	1
0.145138	-0.985185	-0.0797905	1
0.119792	-0.984762	-0.065856	1
0.0979538	-0.984294	-0.0538505	1
0.0793614	-0.983794	-0.0436293	1
0.063751	-0.983274	-0.0350474	1
0.0508591	-0.982746	-0.02796	1
0.0404222	-0.982221	-0.0222223	1
0.0321769	-0.981713	-0.0176894	1
0.0258597	-0.981233	-0.0142165	1
0.0212071	-0.980794	-0.0116587	1
0.0179557	-0.980407	-0.00987121	1
0.0158419	-0.980085	-0.00870918	1
0.0146025	-0.97984	-0.00802776	1
0.0139737	-0.979684	-0.00768212	1
0.0136923	-0.97963	-0.0075274	1
0.00227803	0.7	-0.00213921	1
0.0315116	0.702148	-0.0295914	1
0.0595763	0.703693	-0.0559458	1
0.0863492	0.704428	-0.0810873	1
0.111707	0.704146	-0.1049	1
0.135528	0.702642	-0.127269	1
0.157689	0.699708	-0.148079	1
0.178066	0.695139	-0.167215	1
0.196537	0.688727	-0.18456	1
0.212979	0.680266	-0.200001	1
0.227269	0.66955	-0.21342	1
0.239285	0.656371	-0.224703	1
0.248903	0.640525	-0.233735	1
0.256	0.621803	-0.2404	1
0.260454	0.6	-0.244583	1
0.260454	0.6	-0.244583	1
0.262688	0.577687	-0.246681	1
0.263262	0.557434	-0.247219	1
0.262258	0.539037	-0.246276	1
0.259759	0.522287	-0.24393	1
0.25585	0.506979	-0.240259	1
0.250612	0.492906	-0.23534	1
0.244129	0.479861	-0.229252	1
0.236483	0.467638	-0.222072	1
0.227758	0.456031	-0.213879	1
0.218038	0.444833	-0.204751	1
0.207403	0.433837	-0.194765	1
0.195939	0.422838	-0.183999	1
0.183728	0.411627	-0.172532	1
0.170852	0.4	-0.160441	1
0.170852	0.4	-0.160441	1
0.169333	0.382922	-0.159014	1
0.17083	0.367342	-0.16042	1
0.175153	0.353171	-0.16448	1
0.182112	0.34032	-0.171014	1
0.191514	0.3287	-0.179844	1
0.203169	0.318222	-0.190789	1
0.216887	0.308796	-0.203671	1
0.232476	0.300335	-0.21831	1
0.249745	0.292748	-0.234526	1
0.268504	0.285946	-0.252142	1
0.288561	0.279842	-0.270977	1
0.309725	0.274344	-0.290851	1
0.331806	0.269365	-0.311587	1
0.354613	0.264815	-0.333004	1
0.354613	0.264815	-0.333004	1
0.375714	0.258573	-0.352819	1
0.39306	0.248666	-0.369108	1
0.407037	0.235229	-0.382233	1
0.418026	0.218394	-0.392552	1
0.426411	0.198296	-0.400427	1
0.432577	0.175067	-0.406217	1
0.436907	0.148843	-0.410283	1
0.439783	0.119755	-0.412984	1
0.44159	0.087938	-0.414681	1
0.442712	0.0535255	-0.415734	1
0.443532	0.0166512	-0.416504	1
0.444432	-0.0225516	-0.41735	1
0.445798	-0.0639489	-0.418632	1
0.448012	-0.107407	-0.420711	1
0.448012	-0.107407	-0.420711	1
0.450344	-0.151389	-0.422901	1
0.451882	-0.194633	-0.424345	1
0.452739	-0.237424	-0.42515	1
0.453029	-0.280045	-0.425422	1
0.452863	-0.32278	-0.425267	1
0.452356	-0.365911	-0.42479	1
0.451619	-0.409722	-0.424098	1
0.450766	-0.454497	-0.423297	1
0.44991	-0.50052	-0.422493	1
0.449163	-0.548073	-0.421792	1
0.448639	-0.59744	-0.4213	1
0.44845	-0.648904	-0.421123	1
0.44871	-0.702749	-0.421367	1
0.449531	-0.759259	-0.422137	1
0.449531	-0.759259	-0.422137	1
0.449496	-0.812379	-0.422105	1
0.447208	-0.856441	-0.419957	1
0.442809	-0.892307	-0.415825	1
0.436438	-0.92084	-0.409843	1
0.428238	-0.942902	-0.402142	1
0.418349	-0.959356	-0.392856	1
0.406913	-0.971065	-0.382116	1
0.39407	-0.97889	-0.370056	1
0.379962	-0.983694	-0.356808	1
0.36473	-0.986341	-0.342504	1
0.348515	-0.987691	-0.327278	1
0.331458	-0.988608	-0.31126	1
0.313701	-0.989955	-0.294585	1
0.295384	-0.992593	-0.277384	1
0.295384	-0.992593	-0.277384	1
0.278344	-0.99559	-0.261382	1
0.263992	-0.997527	-0.247905	1
0.251832	-0.998533	-0.236486	1
0.241367	-0.998737	-0.226658	1
0.232101	-0.998268	-0.217957	1
0.223537	-0.997257	-0.209915	1
0.215179	-0.995833	-0.202066	1
0.20653	-0.994126	-0.193945	1
0.197094	-0.992265	-0.185084	1
0.186375	-0.990379	-0.175018	1
0.173876	-0.988599	-0.163281	1
0.159101	-0.987053	-0.149406	1
0.141553	-0.985872	-0.132927	1
0.120735	-0.985185	-0.113378	1
0.120735	-0.985185	-0.113378	1
0.0996504	-0.984762	-0.0935779	1
0.0814843	-0.984294	-0.0765188	1
0.066018	-0.983794	-0.061995	1
0.0530322	-0.983274	-0.0498006	1
0.0423079	-0.982746	-0.0397297	1
0.0336258	-0.982221	-0.0315767	1
0.0267668	-0.981713	-0.0251357	1
0.0215118	-0.981233	-0.0202009	1
0.0176414	-0.980794	-0.0165664	1
0.0149367	-0.980407	-0.0140265	1
0.0131784	-0.980085	-0.0123753	1
0.0121473	-0.97984	-0.011407	1
0.0116242	-0.979684	-0.0109159	1
0.0113901	-0.97963	-0.010696	1
0.00167446	0.7	-0.00263852	1
0.0231625	0.702148	-0.0364983	1
0.0437914	0.703693	-0.0690042	1
0.0634708	0.704428	-0.100014	1
0.0821103	0.704146	-0.129385	1
0.0996197	0.702642	-0.156976	1
0.115909	0.699708	-0.182643	1
0.130887	0.695139	-0.206245	1
0.144464	0.688727	-0.227639	1
0.15655	0.680266	-0.246683	1
0.167054	0.66955	-0.263234	1
0.175886	0.656371	-0.277152	1
0.182955	0.640525	-0.288292	1
0.188172	0.621803	-0.296512	1
0.191446	0.6	-0.301671	1
0.191446	0.6	-0.301671	1
0.193088	0.577687	-0.304259	1
0.19351	0.557434	-0.304923	1
0.192772	0.539037	-0.30376	1
0.190936	0.522287	-0.300866	1
0.188062	0.506979	-0.296338	1
0.184212	0.492906	-0.290271	1
0.179446	0.479861	-0.282762	1
0.173826	0.467638	-0.273907	1
0.167413	0.456031	-0.263801	1
0.160268	0.444833	-0.252542	1
0.152451	0.433837	-0.240225	1
0.144025	0.422838	-0.226946	1
0.135049	0.411627	-0.212803	1
0.125584	0.4	-0.197889	1
0.125584	0.4	-0.197889	1
0.124467	0.382922	-0.196129	1
0.125568	0.367342	-0.197864	1
0.128746	0.353171	-0.202871	1
0.133861	0.34032	-0.210931	1
0.140772	0.3287	-0.221821	1
0.149339	0.318222	-0.235321	1
0.159422	0.308796	-0.25121	1
0.170881	0.300335	-0.269265	1
0.183575	0.292748	-0.289267	1
0.197363	0.285946	-0.310995	1
0.212106	0.279842	-0.334226	1
0.227663	0.274344	-0.358739	1
0.243894	0.269365	-0.384315	1
0.260657	0.264815	-0.41073	1
0.260657	0.264815	-0.41073	1
0.276168	0.258573	-0.43517	1
0.288918	0.248666	-0.455262	1
0.299191	0.235229	-0.47145	1
0.307269	0.218394	-0.484178	1
0.313433	0.198296	-0.493891	1
0.317965	0.175067	-0.501032	1
0.321147	0.148843	-0.506047	1
0.323262	0.119755	-0.509379	1
0.32459	0.087938	-0.511472	1
0.325415	0.0535255	-0.512771	1
0.326017	0.0166512	-0.51372	1
0.326679	-0.0225516	-0.514764	1
0.327683	-0.0639489	-0.516345	1
0.32931	-0.107407	-0.51891	1
0.32931	-0.107407	-0.51891	1
0.331024	-0.151389	-0.521611	1
0.332155	-0.194633	-0.523392	1
0.332785	-0.237424	-0.524385	1
0.332998	-0.280045	-0.52472	1
0.332876	-0.32278	-0.524529	1
0.332503	-0.365911	-0.523941	1
0.331961	-0.409722	-0.523087	1
0.331335	-0.454497	-0.5221	1
0.330705	-0.50052	-0.521108	1
0.330156	-0.548073	-0.520243	1
0.329771	-0.59744	-0.519636	1
0.329632	-0.648904	-0.519418	1
0.329823	-0.702749	-0.519718	1
0.330427	-0.759259	-0.520669	1
0.330427	-0.759259	-0.520669	1
0.330401	-0.812379	-0.520629	1
0.32872	-0.856441	-0.517979	1
0.325486	-0.892307	-0.512883	1
0.320803	-0.92084	-0.505504	1
0.314775	-0.942902	-0.496006	1
0.307507	-0.959356	-0.484553	1
0.2991	-0.971065	-0.471306	1
0.28966	-0.97889	-0.456431	1
0.27929	-0.983694	-0.440091	1
0.268094	-0.986341	-0.422449	1
0.256175	-0.987691	-0.403668	1
0.243638	-0.988608	-0.383912	1
0.230585	-0.989955	-0.363344	1
0.217121	-0.992593	-0.342129	1
0.217121	-0.992593	-0.342129	1
0.204596	-0.99559	-0.322392	1
0.194047	-0.997527	-0.305769	1
0.185108	-0.998533	-0.291684	1
0.177416	-0.998737	-0.279563	1
0.170605	-0.998268	-0.26883	1
0.16431	-0.997257	-0.258911	1
0.158167	-0.995833	-0.249231	1
0.151809	-0.994126	-0.239213	1
0.144874	-0.992265	-0.228285	1
0.136995	-0.990379	-0.215869	1
0.127807	-0.988599	-0.201392	1
0.116947	-0.987053	-0.184279	1
0.104048	-0.985872	-0.163954	1
0.0887463	-0.985185	-0.139842	1
0.0887463	-0.985185	-0.139842	1
0.0732478	-0.984762	-0.11542	1
0.0598949	-0.984294	-0.0943792	1
0.0485264	-0.983794	-0.0764653	1
0.0389812	-0.983274	-0.0614246	1
0.0310983	-0.982746	-0.0490031	1
0.0247166	-0.982221	-0.0389471	1
0.0196749	-0.981713	-0.0310027	1
0.0158122	-0.981233	-0.024916	1
0.0129673	-0.980794	-0.0204332	1
0.0109792	-0.980407	-0.0173004	1
0.00968672	-0.980085	-0.0152638	1
0.00892882	-0.97984	-0.0140696	1
0.00854438	-0.979684	-0.0134638	1
0.00837229	-0.97963	-0.0131926	1
0.000965678	0.7	-0.00297205	1
0.0133581	0.702148	-0.041112	1
0.025255	0.703693	-0.0777268	1
0.0366043	0.704428	-0.112656	1
0.0473539	0.704146	-0.14574	1
0.0574517	0.702642	-0.176818	1
0.0668458	0.699708	-0.20573	1
0.0754838	0.695139	-0.232315	1
0.0833139	0.688727	-0.256414	1
0.0902839	0.680266	-0.277865	1
0.0963416	0.66955	-0.296509	1
0.101435	0.656371	-0.312185	1
0.105512	0.640525	-0.324733	1
0.108521	0.621803	-0.333993	1
0.110409	0.6	-0.339805	1
0.110409	0.6	-0.339805	1
0.111356	0.577687	-0.342719	1
0.111599	0.557434	-0.343467	1
0.111174	0.539037	-0.342157	1
0.110115	0.522287	-0.338898	1
0.108457	0.506979	-0.333797	1
0.106237	0.492906	-0.326963	1
0.103489	0.479861	-0.318505	1
0.100248	0.467638	-0.30853	1
0.096549	0.456031	-0.297147	1
0.0924282	0.444833	-0.284465	1
0.0879203	0.433837	-0.270591	1
0.0830605	0.422838	-0.255634	1
0.0778839	0.411627	-0.239702	1
0.0724258	0.4	-0.222904	1
0.0724258	0.4	-0.222904	1
0.0717817	0.382922	-0.220921	1
0.0724165	0.367342	-0.222875	1
0.0742492	0.353171	-0.228515	1
0.0771989	0.34032	-0.237594	1
0.0811846	0.3287	-0.249861	1
0.0861255	0.318222	-0.265067	1
0.0919406	0.308796	-0.282964	1
0.0985489	0.300335	-0.303302	1
0.105869	0.292748	-0.325833	1
0.113821	0.285946	-0.350306	1
0.122324	0.279842	-0.376474	1
0.131296	0.274344	-0.404086	1
0.140656	0.269365	-0.432895	1
0.150324	0.264815	-0.462649	1
0.150324	0.264815	-0.462649	1
0.159269	0.258573	-0.490179	1
0.166622	0.248666	-0.51281	1
0.172547	0.235229	-0.531044	1
0.177205	0.218394	-0.545382	1
0.18076	0.198296	-0.556322	1
0.183374	0.175067	-0.564366	1
0.185209	0.148843	-0.570015	1
0.186428	0.119755	-0.573768	1
0.187195	0.087938	-0.576126	1
0.18767	0.0535255	-0.577589	1
0.188017	0.0166512	-0.578658	1
0.188399	-0.0225516	-0.579833	1
0.188978	-0.0639489	-0.581615	1
0.189917	-0.107407	-0.584503	1
0.189917	-0.107407	-0.584503	1
0.190905	-0.151389	-0.587546	1
0.191557	-0.194633	-0.589552	1
0.191921	-0.237424	-0.590671	1
0.192043	-0.280045	-0.591048	1
0.191973	-0.32278	-0.590832	1
0.191758	-0.365911	-0.59017	1
0.191446	-0.409722	-0.589209	1
0.191084	-0.454497	-0.588096	1
0.190721	-0.50052	-0.586979	1
0.190405	-0.548073	-0.586005	1
0.190183	-0.59744	-0.585322	1
0.190103	-0.648904	-0.585075	1
0.190213	-0.702749	-0.585414	1
0.19056	-0.759259	-0.586485	1
0.19056	-0.759259	-0.586485	1
0.190546	-0.812379	-0.58644	1
0.189576	-0.856441	-0.583455	1
0.187711	-0.892307	-0.577715	1
0.18501	-0.92084	-0.569403	1
0.181534	-0.942902	-0.558705	1
0.177342	-0.959356	-0.545803	1
0.172494	-0.971065	-0.530883	1
0.16705	-0.97889	-0.514127	1
0.16107	-0.983694	-0.495721	1
0.154613	-0.986341	-0.475849	1
0.147739	-0.987691	-0.454694	1
0.140509	-0.988608	-0.432441	1
0.132981	-0.989955	-0.409273	1
0.125216	-0.992593	-0.385376	1
0.125216	-0.992593	-0.385376	1
0.117993	-0.99559	-0.363144	1
0.111909	-0.997527	-0.34442	1
0.106754	-0.998533	-0.328555	1
0.102318	-0.998737	-0.314902	1
0.0983897	-0.998268	-0.302812	1
0.0947594	-0.997257	-0.291639	1
0.0912163	-0.995833	-0.280735	1
0.0875501	-0.994126	-0.269452	1
0.0835503	-0.992265	-0.257141	1
0.0790064	-0.990379	-0.243157	1
0.0737079	-0.988599	-0.22685	1
0.0674445	-0.987053	-0.207573	1
0.0600057	-0.985872	-0.184678	1
0.0511809	-0.985185	-0.157519	1
0.0511809	-0.985185	-0.157519	1
0.0422428	-0.984762	-0.13001	1
0.034542	-0.984294	-0.106309	1
0.0279857	-0.983794	-0.086131	1
0.0224809	-0.983274	-0.069189	1
0.0179347	-0.982746	-0.0551974	1
0.0142543	-0.982221	-0.0438703	1
0.0113467	-0.981713	-0.0349216	1
0.00911904	-0.981233	-0.0280655	1
0.00747838	-0.980794	-0.0230161	1
0.00633181	-0.980407	-0.0194873	1
0.00558643	-0.980085	-0.0171933	1
0.00514934	-0.97984	-0.0158481	1
0.00492763	-0.979684	-0.0151657	1
0.00482839	-0.97963	-0.0148603	1
0.000196221	0.7	-0.00311883	1
0.00271429	0.702148	-0.0431424	1
0.00513168	0.703693	-0.0815655	1
0.00743779	0.704428	-0.11822	1
0.00962206	0.704146	-0.152938	1
0.0116739	0.702642	-0.185551	1
0.0135827	0.699708	-0.215891	1
0.0153379	0.695139	-0.243789	1
0.0169289	0.688727	-0.269077	1
0.0183452	0.680266	-0.291588	1
0.0195761	0.66955	-0.311153	1
0.0206111	0.656371	-0.327603	1
0.0214395	0.640525	-0.340771	1
0.0220509	0.621803	-0.350488	1
0.0224346	0.6	-0.356587	1
0.0224346	0.6	-0.356587	1
0.022627	0.577687	-0.359645	1
0.0226764	0.557434	-0.36043	1
0.0225899	0.539037	-0.359055	1
0.0223747	0.522287	-0.355635	1
0.0220379	0.506979	-0.350282	1
0.0215868	0.492906	-0.343111	1
0.0210283	0.479861	-0.334235	1
0.0203698	0.467638	-0.323768	1
0.0196183	0.456031	-0.311823	1
0.0187809	0.444833	-0.298514	1
0.0178649	0.433837	-0.283955	1
0.0168775	0.422838	-0.268259	1
0.0158256	0.411627	-0.25154	1
0.0147166	0.4	-0.233913	1
0.0147166	0.4	-0.233913	1
0.0145857	0.382922	-0.231832	1
0.0147146	0.367342	-0.233882	1
0.015087	0.353171	-0.239801	1
0.0156864	0.34032	-0.249328	1
0.0164963	0.3287	-0.262201	1
0.0175003	0.318222	-0.278158	1
0.0186818	0.308796	-0.296939	1
0.0200246	0.300335	-0.318282	1
0.0215121	0.292748	-0.341925	1
0.0231279	0.285946	-0.367607	1
0.0248555	0.279842	-0.395067	1
0.0266786	0.274344	-0.424043	1
0.0285805	0.269365	-0.454274	1
0.030545	0.264815	-0.485498	1
0.030545	0.264815	-0.485498	1
0.0323626	0.258573	-0.514387	1
0.0338567	0.248666	-0.538137	1
0.0350606	0.235229	-0.557271	1
0.0360072	0.218394	-0.572317	1
0.0367295	0.198296	-0.583797	1
0.0372606	0.175067	-0.592239	1
0.0376335	0.148843	-0.598166	1
0.0378813	0.119755	-0.602105	1
0.0380369	0.087938	-0.604579	1
0.0381336	0.0535255	-0.606115	1
0.0382041	0.0166512	-0.607236	1
0.0382817	-0.0225516	-0.60847	1
0.0383994	-0.0639489	-0.610339	1
0.0385901	-0.107407	-0.613371	1
0.0385901	-0.107407	-0.613371	1
0.0387909	-0.151389	-0.616563	1
0.0389234	-0.194633	-0.618669	1
0.0389972	-0.237424	-0.619842	1
0.0390222	-0.280045	-0.620239	1
0.0390079	-0.32278	-0.620012	1
0.0389642	-0.365911	-0.619317	1
0.0389007	-0.409722	-0.618309	1
0.0388273	-0.454497	-0.617141	1
0.0387535	-0.50052	-0.615969	1
0.0386892	-0.548073	-0.614947	1
0.0386441	-0.59744	-0.614229	1
0.0386278	-0.648904	-0.613971	1
0.0386502	-0.702749	-0.614326	1
0.0387209	-0.759259	-0.61545	1
0.0387209	-0.759259	-0.61545	1
0.0387179	-0.812379	-0.615402	1
0.0385208	-0.856441	-0.61227	1
0.0381419	-0.892307	-0.606247	1
0.0375931	-0.92084	-0.597525	1
0.0368868	-0.942902	-0.586298	1
0.036035	-0.959356	-0.572759	1
0.0350499	-0.971065	-0.557102	1
0.0339437	-0.97889	-0.539519	1
0.0327285	-0.983694	-0.520204	1
0.0314165	-0.986341	-0.49935	1
0.0300198	-0.987691	-0.47715	1
0.0285506	-0.988608	-0.453798	1
0.027021	-0.989955	-0.429486	1
0.0254433	-0.992593	-0.404409	1
0.0254433	-0.992593	-0.404409	1
0.0239755	-0.99559	-0.381079	1
0.0227393	-0.997527	-0.36143	1
0.0216918	-0.998533	-0.344781	1
0.0207904	-0.998737	-0.330454	1
0.0199923	-0.998268	-0.317768	1
0.0192546	-0.997257	-0.306043	1
0.0185347	-0.995833	-0.2946	1
0.0177897	-0.994126	-0.282759	1
0.016977	-0.992265	-0.269841	1
0.0160537	-0.990379	-0.255165	1
0.0149771	-0.988599	-0.238053	1
0.0137044	-0.987053	-0.217824	1
0.0121928	-0.985872	-0.193799	1
0.0103997	-0.985185	-0.165298	1
0.0103997	-0.985185	-0.165298	1
0.00858351	-0.984762	-0.136431	1
0.00701875	-0.984294	-0.11156	1
0.00568654	-0.983794	-0.0903848	1
0.004568	-0.983274	-0.0726061	1
0.00364424	-0.982746	-0.0579235	1
0.0028964	-0.982221	-0.0460369	1
0.00230559	-0.981713	-0.0366463	1
0.00185294	-0.981233	-0.0294516	1
0.00151957	-0.980794	-0.0241528	1
0.00128659	-0.980407	-0.0204497	1
0.00113513	-0.980085	-0.0180424	1
0.00104632	-0.97984	-0.0166308	1
0.00100127	-0.979684	-0.0159147	1
0.000981103	-0.97963	-0.0155942	1
-0.000585566	0.7	-0.00306965	1
-0.00810005	0.702148	-0.042462	1
-0.0153141	0.703693	-0.0802792	1
-0.022196	0.704428	-0.116356	1
-0.0287144	0.704146	-0.150526	1
-0.0348375	0.702642	-0.182625	1
-0.0405338	0.699708	-0.212486	1
-0.0457718	0.695139	-0.239944	1
-0.0505197	0.688727	-0.264834	1
-0.0547462	0.680266	-0.28699	1
-0.0584195	0.66955	-0.306246	1
-0.0615081	0.656371	-0.322437	1
-0.0639804	0.640525	-0.335397	1
-0.0658048	0.621803	-0.344961	1
-0.0669497	0.6	-0.350963	1
-0.0669497	0.6	-0.350963	1
-0.0675239	0.577687	-0.353973	1
-0.0676713	0.557434	-0.354746	1
-0.0674132	0.539037	-0.353393	1
-0.0667711	0.522287	-0.350026	1
-0.0657661	0.506979	-0.344758	1
-0.0644197	0.492906	-0.3377	1
-0.0627532	0.479861	-0.328964	1
-0.0607879	0.467638	-0.318662	1
-0.0585452	0.456031	-0.306905	1
-0.0560465	0.444833	-0.293806	1
-0.053313	0.433837	-0.279477	1
-0.0503661	0.422838	-0.264029	1
-0.0472271	0.411627	-0.247573	1
-0.0439175	0.4	-0.230224	1
-0.0439175	0.4	-0.230224	1
-0.0435269	0.382922	-0.228176	1
-0.0439118	0.367342	-0.230194	1
-0.0450231	0.353171	-0.236019	1
-0.0468117	0.34032	-0.245396	1
-0.0492286	0.3287	-0.258066	1
-0.0522247	0.318222	-0.273771	1
-0.0557508	0.308796	-0.292256	1
-0.0597579	0.300335	-0.313262	1
-0.064197	0.292748	-0.336533	1
-0.0690189	0.285946	-0.36181	1
-0.0741745	0.279842	-0.388837	1
-0.0796148	0.274344	-0.417356	1
-0.0852907	0.269365	-0.44711	1
-0.0911531	0.264815	-0.477842	1
-0.0911531	0.264815	-0.477842	1
-0.0965771	0.258573	-0.506275	1
-0.101036	0.248666	-0.52965	1
-0.104629	0.235229	-0.548483	1
-0.107453	0.218394	-0.563291	1
-0.109609	0.198296	-0.574591	1
-0.111194	0.175067	-0.582899	1
-0.112307	0.148843	-0.588733	1
-0.113046	0.119755	-0.592609	1
-0.113511	0.087938	-0.595044	1
-0.113799	0.0535255	-0.596556	1
-0.11401	0.0166512	-0.59766	1
-0.114241	-0.0225516	-0.598874	1
-0.114592	-0.0639489	-0.600714	1
-0.115161	-0.107407	-0.603697	1
-0.115161	-0.107407	-0.603697	1
-0.115761	-0.151389	-0.606839	1
-0.116156	-0.194633	-0.608912	1
-0.116376	-0.237424	-0.610067	1
-0.116451	-0.280045	-0.610457	1
-0.116408	-0.32278	-0.610234	1
-0.116278	-0.365911	-0.60955	1
-0.116088	-0.409722	-0.608558	1
-0.115869	-0.454497	-0.607408	1
-0.115649	-0.50052	-0.606255	1
-0.115457	-0.548073	-0.605249	1
-0.115323	-0.597439	-0.604542	1
-0.115274	-0.648904	-0.604288	1
-0.115341	-0.702749	-0.604638	1
-0.115552	-0.759259	-0.605744	1
-0.115552	-0.759259	-0.605744	1
-0.115543	-0.812379	-0.605697	1
-0.114955	-0.856441	-0.602615	1
-0.113824	-0.892307	-0.596686	1
-0.112186	-0.92084	-0.588102	1
-0.110078	-0.942902	-0.577052	1
-0.107536	-0.959356	-0.563726	1
-0.104597	-0.971065	-0.548316	1
-0.101296	-0.97889	-0.53101	1
-0.0976691	-0.983694	-0.512	1
-0.0937538	-0.98634	-0.491475	1
-0.0895857	-0.987691	-0.469625	1
-0.0852013	-0.988608	-0.446641	1
-0.0806368	-0.989954	-0.422713	1
-0.0759284	-0.992593	-0.398031	1
-0.0759284	-0.992593	-0.398031	1
-0.0715483	-0.99559	-0.375069	1
-0.0678591	-0.997527	-0.35573	1
-0.0647333	-0.998533	-0.339344	1
-0.0620433	-0.998737	-0.325242	1
-0.0596614	-0.998268	-0.312756	1
-0.05746	-0.997257	-0.301216	1
-0.0553116	-0.995833	-0.289954	1
-0.0530885	-0.994126	-0.2783	1
-0.0506631	-0.992265	-0.265585	1
-0.0479077	-0.990379	-0.251141	1
-0.0446949	-0.988599	-0.234299	1
-0.0408969	-0.987053	-0.214389	1
-0.0363861	-0.985872	-0.190743	1
-0.031035	-0.985185	-0.162691	1
-0.031035	-0.985185	-0.162691	1
-0.0256151	-0.984762	-0.134279	1
-0.0209455	-0.984294	-0.1098	1
-0.0169699	-0.983794	-0.0889594	1
-0.0136319	-0.983274	-0.0714611	1
-0.0108752	-0.982745	-0.05701	1
-0.0086435	-0.982221	-0.0453109	1
-0.0068804	-0.981713	-0.0360684	1
-0.00552959	-0.981233	-0.0289871	1
-0.00453473	-0.980794	-0.0237719	1
-0.00383947	-0.980407	-0.0201272	1
-0.00338749	-0.980085	-0.0177579	1
-0.00312245	-0.97984	-0.0163685	1
-0.00298801	-0.979684	-0.0156637	1
-0.00292783	-0.97963	-0.0153482	1
-0.00133056	0.7	-0.00282758	1
-0.0184054	0.702148	-0.0391136	1
-0.0347976	0.703693	-0.0739486	1
-0.0504352	0.704428	-0.10718	1
-0.0652466	0.704146	-0.138656	1
-0.0791599	0.702642	-0.168223	1
-0.0921035	0.699708	-0.19573	1
-0.104005	0.695139	-0.221023	1
-0.114794	0.688727	-0.24395	1
-0.124398	0.680266	-0.264359	1
-0.132744	0.66955	-0.282096	1
-0.139762	0.656371	-0.29701	1
-0.14538	0.640525	-0.308949	1
-0.149526	0.621803	-0.317758	1
-0.152127	0.6	-0.323287	1
-0.152127	0.6	-0.323287	1
-0.153432	0.577687	-0.32606	1
-0.153767	0.557434	-0.326772	1
-0.153181	0.539037	-0.325525	1
-0.151721	0.522287	-0.322424	1
-0.149438	0.506979	-0.317572	1
-0.146378	0.492906	-0.31107	1
-0.142592	0.479861	-0.303023	1
-0.138126	0.467638	-0.293533	1
-0.13303	0.456031	-0.282704	1
-0.127352	0.444833	-0.270637	1
-0.121141	0.433837	-0.257438	1
-0.114445	0.422838	-0.243208	1
-0.107312	0.411627	-0.228051	1
-0.099792	0.4	-0.212069	1
-0.099792	0.4	-0.212069	1
-0.0989045	0.382922	-0.210183	1
-0.0997791	0.367342	-0.212041	1
-0.102304	0.353171	-0.217408	1
-0.106368	0.34032	-0.226045	1
-0.11186	0.3287	-0.237715	1
-0.118668	0.318222	-0.252183	1
-0.12668	0.308796	-0.26921	1
-0.135786	0.300335	-0.288559	1
-0.145872	0.292748	-0.309995	1
-0.156829	0.285946	-0.333279	1
-0.168544	0.279842	-0.358174	1
-0.180906	0.274344	-0.384444	1
-0.193803	0.269365	-0.411852	1
-0.207124	0.264815	-0.440161	1
-0.207124	0.264815	-0.440161	1
-0.219448	0.258573	-0.466352	1
-0.22958	0.248666	-0.487883	1
-0.237744	0.235229	-0.505231	1
-0.244162	0.218394	-0.518871	1
-0.24906	0.198296	-0.52928	1
-0.252662	0.175067	-0.536933	1
-0.25519	0.148843	-0.542307	1
-0.25687	0.119755	-0.545878	1
-0.257926	0.087938	-0.548121	1
-0.258581	0.0535255	-0.549513	1
-0.25906	0.0166512	-0.55053	1
-0.259586	-0.0225516	-0.551648	1
-0.260384	-0.0639489	-0.553343	1
-0.261677	-0.107407	-0.556092	1
-0.261677	-0.107407	-0.556092	1
-0.263039	-0.151389	-0.558986	1
-0.263937	-0.194633	-0.560895	1
-0.264438	-0.237424	-0.561959	1
-0.264607	-0.280045	-0.562318	1
-0.26451	-0.32278	-0.562113	1
-0.264214	-0.365911	-0.561483	1
-0.263783	-0.409722	-0.560569	1
-0.263285	-0.454497	-0.55951	1
-0.262785	-0.50052	-0.558447	1
-0.262349	-0.548073	-0.557521	1
-0.262043	-0.597439	-0.55687	1
-0.261933	-0.648904	-0.556636	1
-0.262084	-0.702749	-0.556958	1
-0.262564	-0.759259	-0.557977	1
-0.262564	-0.759259	-0.557977	1
-0.262544	-0.812379	-0.557934	1
-0.261207	-0.856441	-0.555094	1
-0.258638	-0.892307	-0.549633	1
-0.254917	-0.92084	-0.541726	1
-0.250127	-0.942902	-0.531547	1
-0.244351	-0.959356	-0.519273	1
-0.237671	-0.971065	-0.505077	1
-0.23017	-0.97889	-0.489136	1
-0.22193	-0.983694	-0.471625	1
-0.213033	-0.98634	-0.452719	1
-0.203562	-0.987691	-0.432592	1
-0.1936	-0.988608	-0.41142	1
-0.183228	-0.989954	-0.389379	1
-0.172529	-0.992593	-0.366643	1
-0.172529	-0.992593	-0.366643	1
-0.162576	-0.99559	-0.345493	1
-0.154194	-0.997527	-0.327678	1
-0.147091	-0.998533	-0.312584	1
-0.140979	-0.998737	-0.299595	1
-0.135566	-0.998268	-0.288093	1
-0.130564	-0.997257	-0.277463	1
-0.125682	-0.995833	-0.267089	1
-0.120631	-0.994126	-0.256354	1
-0.11512	-0.992265	-0.244642	1
-0.108859	-0.990379	-0.231337	1
-0.101558	-0.988599	-0.215823	1
-0.0929284	-0.987053	-0.197483	1
-0.0826788	-0.985872	-0.175702	1
-0.0705197	-0.985185	-0.149862	1
-0.0705197	-0.985185	-0.149862	1
-0.0582042	-0.984762	-0.12369	1
-0.0475937	-0.984294	-0.101142	1
-0.0385601	-0.983794	-0.0819443	1
-0.0309753	-0.983274	-0.0658258	1
-0.0247114	-0.982745	-0.0525144	1
-0.0196403	-0.982221	-0.0417378	1
-0.0156341	-0.981713	-0.0332241	1
-0.0125647	-0.981233	-0.0267013	1
-0.0103041	-0.980794	-0.0218973	1
-0.00872428	-0.980407	-0.0185401	1
-0.00769727	-0.980085	-0.0163575	1
-0.00709503	-0.97984	-0.0150777	1
-0.00678954	-0.979684	-0.0144285	1
-0.0066528	-0.97963	-0.0141379	1
-0.00199195	0.7	-0.00240785	1
-0.0275543	0.702148	-0.0333075	1
-0.0520946	0.703693	-0.0629716	1
-0.0755053	0.704428	-0.0912703	1
-0.0976791	0.704146	-0.118074	1
-0.118508	0.702642	-0.143252	1
-0.137886	0.699708	-0.166675	1
-0.155704	0.695139	-0.188214	1
-0.171855	0.688727	-0.207738	1
-0.186233	0.680266	-0.225117	1
-0.198728	0.66955	-0.240222	1
-0.209235	0.656371	-0.252922	1
-0.217645	0.640525	-0.263088	1
-0.223851	0.621803	-0.27059	1
-0.227746	0.6	-0.275298	1
-0.227746	0.6	-0.275298	1
-0.229699	0.577687	-0.277659	1
-0.230201	0.557434	-0.278265	1
-0.229323	0.539037	-0.277204	1
-0.227138	0.522287	-0.274563	1
-0.22372	0.506979	-0.270431	1
-0.21914	0.492906	-0.264894	1
-0.213471	0.479861	-0.258042	1
-0.206785	0.467638	-0.249961	1
-0.199156	0.456031	-0.240739	1
-0.190656	0.444833	-0.230464	1
-0.181357	0.433837	-0.219224	1
-0.171333	0.422838	-0.207106	1
-0.160655	0.411627	-0.194198	1
-0.149396	0.4	-0.180589	1
-0.149396	0.4	-0.180589	1
-0.148067	0.382922	-0.178983	1
-0.149377	0.367342	-0.180566	1
-0.153157	0.353171	-0.185135	1
-0.159242	0.34032	-0.19249	1
-0.167463	0.3287	-0.202429	1
-0.177655	0.318222	-0.214748	1
-0.18965	0.308796	-0.229248	1
-0.203281	0.300335	-0.245725	1
-0.218382	0.292748	-0.263979	1
-0.234785	0.285946	-0.283806	1
-0.252323	0.279842	-0.305006	1
-0.27083	0.274344	-0.327377	1
-0.290138	0.269365	-0.350716	1
-0.31008	0.264815	-0.374823	1
-0.31008	0.264815	-0.374823	1
-0.328531	0.258573	-0.397126	1
-0.343699	0.248666	-0.415461	1
-0.35592	0.235229	-0.430234	1
-0.365529	0.218394	-0.441849	1
-0.372862	0.198296	-0.450713	1
-0.378254	0.175067	-0.45723	1
-0.382039	0.148843	-0.461806	1
-0.384555	0.119755	-0.464847	1
-0.386135	0.087938	-0.466757	1
-0.387116	0.0535255	-0.467943	1
-0.387832	0.0166512	-0.468809	1
-0.38862	-0.0225516	-0.469761	1
-0.389814	-0.0639489	-0.471204	1
-0.39175	-0.107407	-0.473545	1
-0.39175	-0.107407	-0.473545	1
-0.393789	-0.151389	-0.476009	1
-0.395134	-0.194633	-0.477635	1
-0.395883	-0.237424	-0.478541	1
-0.396137	-0.280045	-0.478847	1
-0.395992	-0.32278	-0.478672	1
-0.395548	-0.365911	-0.478136	1
-0.394904	-0.409722	-0.477357	1
-0.394158	-0.454497	-0.476456	1
-0.393409	-0.50052	-0.475551	1
-0.392757	-0.548073	-0.474761	1
-0.392298	-0.59744	-0.474208	1
-0.392133	-0.648904	-0.474008	1
-0.39236	-0.702749	-0.474282	1
-0.393078	-0.759259	-0.47515	1
-0.393078	-0.759259	-0.47515	1
-0.393048	-0.812379	-0.475113	1
-0.391047	-0.856441	-0.472695	1
-0.3872	-0.892307	-0.468045	1
-0.38163	-0.92084	-0.461311	1
-0.374459	-0.942902	-0.452644	1
-0.365812	-0.959356	-0.442191	1
-0.355812	-0.971065	-0.430103	1
-0.344582	-0.97889	-0.416528	1
-0.332246	-0.983694	-0.401616	1
-0.318927	-0.986341	-0.385516	1
-0.304748	-0.987691	-0.368377	1
-0.289833	-0.988608	-0.350349	1
-0.274306	-0.989955	-0.331579	1
-0.258289	-0.992593	-0.312218	1
-0.258289	-0.992593	-0.312218	1
-0.243389	-0.99559	-0.294207	1
-0.23084	-0.997527	-0.279037	1
-0.220206	-0.998533	-0.266184	1
-0.211056	-0.998737	-0.255123	1
-0.202953	-0.998268	-0.245328	1
-0.195465	-0.997257	-0.236276	1
-0.188156	-0.995833	-0.227442	1
-0.180594	-0.994126	-0.2183	1
-0.172343	-0.992265	-0.208327	1
-0.16297	-0.990379	-0.196997	1
-0.152041	-0.988599	-0.183786	1
-0.139121	-0.987053	-0.168168	1
-0.123776	-0.985872	-0.14962	1
-0.105573	-0.985185	-0.127616	1
-0.105573	-0.985185	-0.127616	1
-0.0871362	-0.984762	-0.10533	1
-0.0712514	-0.984294	-0.0861282	1
-0.0577273	-0.983794	-0.0697804	1
-0.0463724	-0.983274	-0.0560546	1
-0.0369948	-0.982746	-0.0447191	1
-0.029403	-0.982221	-0.0355422	1
-0.0234054	-0.981713	-0.0282923	1
-0.0188103	-0.981233	-0.0227377	1
-0.015426	-0.980794	-0.0186468	1
-0.0130609	-0.980407	-0.0157879	1
-0.0115234	-0.980085	-0.0139294	1
-0.0106218	-0.97984	-0.0128396	1
-0.0101645	-0.979684	-0.0122867	1
-0.00995975	-0.97963	-0.0120393	1
-0.00252818	0.7	-0.00183683	1
-0.0349719	0.702148	-0.0254086	1
-0.0661184	0.703693	-0.0480378	1
-0.0958312	0.704428	-0.0696255	1
-0.123974	0.704146	-0.0900724	1
-0.150411	0.702642	-0.10928	1
-0.175004	0.699708	-0.127148	1
-0.197619	0.695139	-0.143579	1
-0.218119	0.688727	-0.158472	1
-0.236366	0.680266	-0.17173	1
-0.252226	0.66955	-0.183253	1
-0.265561	0.656371	-0.192941	1
-0.276235	0.640525	-0.200696	1
-0.284112	0.621803	-0.206419	1
-0.289055	0.6	-0.210011	1
-0.289055	0.6	-0.210011	1
-0.291534	0.577687	-0.211812	1
-0.29217	0.557434	-0.212274	1
-0.291056	0.539037	-0.211465	1
-0.288284	0.522287	-0.20945	1
-0.283945	0.506979	-0.206298	1
-0.278132	0.492906	-0.202074	1
-0.270936	0.479861	-0.196847	1
-0.262451	0.467638	-0.190682	1
-0.252769	0.456031	-0.183647	1
-0.24198	0.444833	-0.175809	1
-0.230178	0.433837	-0.167234	1
-0.217455	0.422838	-0.15799	1
-0.203903	0.411627	-0.148144	1
-0.189613	0.4	-0.137762	1
-0.189613	0.4	-0.137762	1
-0.187927	0.382922	-0.136537	1
-0.189589	0.367342	-0.137744	1
-0.194387	0.353171	-0.14123	1
-0.202109	0.34032	-0.146841	1
-0.212544	0.3287	-0.154422	1
-0.22548	0.318222	-0.16382	1
-0.240704	0.308796	-0.174881	1
-0.258004	0.300335	-0.187451	1
-0.27717	0.292748	-0.201376	1
-0.297988	0.285946	-0.216501	1
-0.320248	0.279842	-0.232674	1
-0.343736	0.274344	-0.249739	1
-0.368242	0.269365	-0.267544	1
-0.393553	0.264815	-0.285933	1
-0.393553	0.264815	-0.285933	1
-0.416971	0.258573	-0.302947	1
-0.436223	0.248666	-0.316934	1
-0.451733	0.235229	-0.328203	1
-0.463929	0.218394	-0.337064	1
-0.473236	0.198296	-0.343826	1
-0.480079	0.175067	-0.348798	1
-0.484884	0.148843	-0.352288	1
-0.488076	0.119755	-0.354608	1
-0.490082	0.087938	-0.356065	1
-0.491327	0.0535255	-0.35697	1
-0.492236	0.0166512	-0.35763	1
-0.493236	-0.0225516	-0.358357	1
-0.494751	-0.0639489	-0.359458	1
-0.497208	-0.107407	-0.361243	1
-0.497208	-0.107407	-0.361243	1
-0.499796	-0.151389	-0.363123	1
-0.501503	-0.194633	-0.364363	1
-0.502455	-0.237424	-0.365054	1
-0.502776	-0.280045	-0.365288	1
-0.502592	-0.32278	-0.365154	1
-0.502029	-0.365911	-0.364745	1
-0.501211	-0.409722	-0.364151	1
-0.500265	-0.454497	-0.363464	1
-0.499315	-0.50052	-0.362773	1
-0.498486	-0.548073	-0.362171	1
-0.497904	-0.59744	-0.361749	1
-0.497695	-0.648904	-0.361596	1
-0.497983	-0.702749	-0.361806	1
-0.498894	-0.759259	-0.362468	1
-0.498894	-0.759259	-0.362468	1
-0.498855	-0.812379	-0.36244	1
-0.496317	-0.856441	-0.360595	1
-0.491434	-0.892307	-0.357047	1
-0.484364	-0.92084	-0.351911	1
-0.475263	-0.942902	-0.345299	1
-0.464288	-0.959356	-0.337325	1
-0.451596	-0.971065	-0.328104	1
-0.437343	-0.97889	-0.317748	1
-0.421686	-0.983694	-0.306373	1
-0.404781	-0.986341	-0.294091	1
-0.386786	-0.987691	-0.281016	1
-0.367856	-0.988608	-0.267263	1
-0.348149	-0.989955	-0.252945	1
-0.32782	-0.992593	-0.238175	1
-0.32782	-0.992593	-0.238175	1
-0.308909	-0.99559	-0.224436	1
-0.292981	-0.997527	-0.212863	1
-0.279486	-0.998533	-0.203058	1
-0.267871	-0.998737	-0.19462	1
-0.257588	-0.998268	-0.187148	1
-0.248083	-0.997257	-0.180243	1
-0.238808	-0.995833	-0.173504	1
-0.229209	-0.994126	-0.16653	1
-0.218737	-0.992265	-0.158922	1
-0.206841	-0.990379	-0.150279	1
-0.19297	-0.988599	-0.140201	1
-0.176572	-0.987053	-0.128287	1
-0.157097	-0.985872	-0.114138	1
-0.133993	-0.985185	-0.0973519	1
-0.133993	-0.985185	-0.0973519	1
-0.110593	-0.984762	-0.0803505	1
-0.0904321	-0.984294	-0.0657028	1
-0.0732674	-0.983794	-0.0532319	1
-0.0588557	-0.983274	-0.0427612	1
-0.0469537	-0.982746	-0.0341139	1
-0.0373183	-0.982221	-0.0271133	1
-0.0297061	-0.981713	-0.0215827	1
-0.023874	-0.981233	-0.0173454	1
-0.0195786	-0.980794	-0.0142247	1
-0.0165769	-0.980407	-0.0120438	1
-0.0146255	-0.980085	-0.010626	1
-0.0134812	-0.97984	-0.00979464	1
-0.0129007	-0.979684	-0.00937291	1
-0.0126409	-0.97963	-0.00918414	1
-0.00290555	0.7	-0.00115039	1
-0.0401921	0.702148	-0.0159132	1
-0.0759877	0.703693	-0.0300856	1
-0.110136	0.704428	-0.0436058	1
-0.142479	0.704146	-0.0564116	1
-0.172862	0.702642	-0.0684409	1
-0.201127	0.699708	-0.0796318	1
-0.227117	0.695139	-0.0899221	1
-0.250677	0.688727	-0.0992499	1
-0.271648	0.680266	-0.107553	1
-0.289875	0.66955	-0.11477	1
-0.3052	0.656371	-0.120837	1
-0.317468	0.640525	-0.125694	1
-0.32652	0.621803	-0.129279	1
-0.332201	0.6	-0.131528	1
-0.332201	0.6	-0.131528	1
-0.33505	0.577687	-0.132656	1
-0.335782	0.557434	-0.132945	1
-0.334501	0.539037	-0.132438	1
-0.331315	0.522287	-0.131177	1
-0.326328	0.506979	-0.129202	1
-0.319647	0.492906	-0.126557	1
-0.311378	0.479861	-0.123283	1
-0.301627	0.467638	-0.119422	1
-0.290499	0.456031	-0.115017	1
-0.2781	0.444833	-0.110108	1
-0.264536	0.433837	-0.104737	1
-0.249914	0.422838	-0.098948	1
-0.234339	0.411627	-0.0927813	1
-0.217916	0.4	-0.0862792	1
-0.217916	0.4	-0.0862792	1
-0.215978	0.382922	-0.0855119	1
-0.217888	0.367342	-0.086268	1
-0.223402	0.353171	-0.0884513	1
-0.232278	0.34032	-0.0919652	1
-0.24427	0.3287	-0.0967133	1
-0.259136	0.318222	-0.102599	1
-0.276633	0.308796	-0.109527	1
-0.296516	0.300335	-0.117399	1
-0.318542	0.292748	-0.12612	1
-0.342468	0.285946	-0.135593	1
-0.36805	0.279842	-0.145721	1
-0.395045	0.274344	-0.156409	1
-0.423208	0.269365	-0.16756	1
-0.452298	0.264815	-0.179077	1
-0.452298	0.264815	-0.179077	1
-0.479211	0.258573	-0.189733	1
-0.501336	0.248666	-0.198493	1
-0.519162	0.235229	-0.205551	1
-0.533179	0.218394	-0.2111	1
-0.543874	0.198296	-0.215335	1
-0.551739	0.175067	-0.218449	1
-0.557261	0.148843	-0.220635	1
-0.56093	0.119755	-0.222088	1
-0.563235	0.087938	-0.223	1
-0.564665	0.0535255	-0.223567	1
-0.56571	0.0166512	-0.223981	1
-0.566859	-0.0225516	-0.224435	1
-0.568601	-0.0639489	-0.225125	1
-0.571425	-0.107407	-0.226243	1
-0.571425	-0.107407	-0.226243	1
-0.574399	-0.151389	-0.227421	1
-0.576361	-0.194633	-0.228197	1
-0.577454	-0.237424	-0.22863	1
-0.577824	-0.280045	-0.228777	1
-0.577612	-0.32278	-0.228693	1
-0.576965	-0.365911	-0.228437	1
-0.576026	-0.409722	-0.228065	1
-0.574938	-0.454497	-0.227634	1
-0.573846	-0.50052	-0.227202	1
-0.572893	-0.548073	-0.226825	1
-0.572225	-0.597439	-0.22656	1
-0.571984	-0.648904	-0.226465	1
-0.572315	-0.702749	-0.226596	1
-0.573362	-0.759259	-0.22701	1
-0.573362	-0.759259	-0.22701	1
-0.573318	-0.812379	-0.226993	1
-0.5704	-0.856441	-0.225837	1
-0.564788	-0.892307	-0.223616	1
-0.556663	-0.92084	-0.220399	1
-0.546204	-0.942902	-0.216257	1
-0.533591	-0.959356	-0.211264	1
-0.519004	-0.971065	-0.205488	1
-0.502624	-0.97889	-0.199003	1
-0.48463	-0.983694	-0.191878	1
-0.465202	-0.98634	-0.184186	1
-0.44452	-0.987691	-0.175998	1
-0.422765	-0.988608	-0.167384	1
-0.400116	-0.989954	-0.158417	1
-0.376753	-0.992593	-0.149167	1
-0.376753	-0.992593	-0.149167	1
-0.355019	-0.99559	-0.140562	1
-0.336714	-0.997527	-0.133314	1
-0.321204	-0.998533	-0.127173	1
-0.307856	-0.998737	-0.121889	1
-0.296037	-0.998268	-0.117209	1
-0.285114	-0.997257	-0.112885	1
-0.274454	-0.995833	-0.108664	1
-0.263423	-0.994126	-0.104296	1
-0.251388	-0.992265	-0.0995315	1
-0.237716	-0.990379	-0.0941184	1
-0.221774	-0.988599	-0.0878065	1
-0.202928	-0.987053	-0.080345	1
-0.180546	-0.985872	-0.0714833	1
-0.153994	-0.985185	-0.0609706	1
-0.153994	-0.985185	-0.0609706	1
-0.127101	-0.984762	-0.0503228	1
-0.103931	-0.984294	-0.0411491	1
-0.0842038	-0.983794	-0.0333387	1
-0.0676409	-0.983274	-0.0267809	1
-0.0539624	-0.982745	-0.0213652	1
-0.0428887	-0.982221	-0.0169808	1
-0.0341402	-0.981713	-0.0135171	1
-0.0274376	-0.981233	-0.0108633	1
-0.0225011	-0.980794	-0.00890881	1
-0.0190513	-0.980407	-0.00754293	1
-0.0168086	-0.980085	-0.00665499	1
-0.0154935	-0.97984	-0.00613429	1
-0.0148264	-0.979684	-0.00587017	1
-0.0145278	-0.97963	-0.00575195	1
-0.00310036	0.7	-0.000391667	1
-0.0428868	0.702148	-0.00541787	1
-0.0810824	0.703693	-0.0102431	1
-0.11752	0.704428	-0.0148462	1
-0.152032	0.704146	-0.0192061	1
-0.184452	0.702642	-0.0233017	1
-0.214612	0.699708	-0.0271118	1
-0.242345	0.695139	-0.0306153	1
-0.267484	0.688727	-0.0337911	1
-0.289861	0.680266	-0.036618	1
-0.30931	0.66955	-0.039075	1
-0.325663	0.656371	-0.0411408	1
-0.338753	0.640525	-0.0427945	1
-0.348412	0.621803	-0.0440148	1
-0.354474	0.6	-0.0447806	1
-0.354474	0.6	-0.0447806	1
-0.357514	0.577687	-0.0451646	1
-0.358295	0.557434	-0.0452632	1
-0.356928	0.539037	-0.0450906	1
-0.353528	0.522287	-0.0446611	1
-0.348207	0.506979	-0.0439889	1
-0.341079	0.492906	-0.0430883	1
-0.332255	0.479861	-0.0419736	1
-0.32185	0.467638	-0.0406591	1
-0.309976	0.456031	-0.0391591	1
-0.296746	0.444833	-0.0374877	1
-0.282273	0.433837	-0.0356594	1
-0.26667	0.422838	-0.0336883	1
-0.25005	0.411627	-0.0315888	1
-0.232527	0.4	-0.029375	1
-0.232527	0.4	-0.029375	1
-0.230459	0.382922	-0.0291138	1
-0.232497	0.367342	-0.0293712	1
-0.238381	0.353171	-0.0301145	1
-0.247851	0.34032	-0.0313109	1
-0.260647	0.3287	-0.0329275	1
-0.27651	0.318222	-0.0349314	1
-0.29518	0.308796	-0.03729	1
-0.316396	0.300335	-0.0399702	1
-0.339899	0.292748	-0.0429393	1
-0.36543	0.285946	-0.0461646	1
-0.392727	0.279842	-0.049613	1
-0.421531	0.274344	-0.0532519	1
-0.451583	0.269365	-0.0570483	1
-0.482622	0.264815	-0.0609695	1
-0.482622	0.264815	-0.0609695	1
-0.51134	0.258573	-0.0645974	1
-0.534949	0.248666	-0.0675799	1
-0.55397	0.235229	-0.0699828	1
-0.568926	0.218394	-0.0718722	1
-0.580339	0.198296	-0.073314	1
-0.588731	0.175067	-0.0743741	1
-0.594623	0.148843	-0.0751185	1
-0.598538	0.119755	-0.075613	1
-0.600998	0.087938	-0.0759238	1
-0.602524	0.0535255	-0.0761166	1
-0.603639	0.0166512	-0.0762575	1
-0.604865	-0.0225516	-0.0764124	1
-0.606724	-0.0639489	-0.0766472	1
-0.609737	-0.107407	-0.0770278	1
-0.609737	-0.107407	-0.0770278	1
-0.612911	-0.151389	-0.0774287	1
-0.615004	-0.194633	-0.0776932	1
-0.616171	-0.237424	-0.0778406	1
-0.616565	-0.280045	-0.0778903	1
-0.616339	-0.32278	-0.0778619	1
-0.615649	-0.365911	-0.0777746	1
-0.614646	-0.409722	-0.077648	1
-0.613485	-0.454497	-0.0775013	1
-0.61232	-0.50052	-0.0773541	1
-0.611304	-0.548073	-0.0772258	1
-0.610591	-0.59744	-0.0771357	1
-0.610334	-0.648904	-0.0771032	1
-0.610687	-0.702749	-0.0771478	1
-0.611804	-0.759259	-0.0772889	1
-0.611804	-0.759259	-0.0772889	1
-0.611757	-0.812379	-0.077283	1
-0.608643	-0.856441	-0.0768897	1
-0.602656	-0.892307	-0.0761332	1
-0.593985	-0.92084	-0.0750379	1
-0.582825	-0.942902	-0.073628	1
-0.569366	-0.959356	-0.0719278	1
-0.553801	-0.971065	-0.0699615	1
-0.536323	-0.97889	-0.0677534	1
-0.517122	-0.983694	-0.0653278	1
-0.496392	-0.986341	-0.062709	1
-0.474324	-0.987691	-0.0599211	1
-0.45111	-0.988608	-0.0569885	1
-0.426942	-0.989955	-0.0539354	1
-0.402013	-0.992593	-0.0507861	1
-0.402013	-0.992593	-0.0507861	1
-0.378822	-0.99559	-0.0478564	1
-0.359289	-0.997527	-0.0453888	1
-0.342739	-0.998533	-0.0432981	1
-0.328496	-0.998737	-0.0414988	1
-0.315885	-0.998268	-0.0399056	1
-0.30423	-0.997257	-0.0384332	1
-0.292855	-0.995833	-0.0369962	1
-0.281084	-0.994126	-0.0355092	1
-0.268242	-0.992265	-0.0338869	1
-0.253654	-0.990379	-0.032044	1
-0.236643	-0.988599	-0.029895	1
-0.216534	-0.987053	-0.0273546	1
-0.192651	-0.985872	-0.0243375	1
-0.164319	-0.985185	-0.0207583	1
-0.164319	-0.985185	-0.0207583	1
-0.135623	-0.984762	-0.0171331	1
-0.110899	-0.984294	-0.0140098	1
-0.0898494	-0.983794	-0.0113506	1
-0.072176	-0.983274	-0.00911796	1
-0.0575804	-0.982746	-0.0072741	1
-0.0457642	-0.982221	-0.00578137	1
-0.0364292	-0.981713	-0.00460209	1
-0.0292771	-0.981233	-0.00369857	1
-0.0240097	-0.980794	-0.00303314	1
-0.0203286	-0.980407	-0.0025681	1
-0.0179355	-0.980085	-0.00226579	1
-0.0165322	-0.97984	-0.00208851	1
-0.0158204	-0.979684	-0.00199859	1
-0.0155018	-0.97963	-0.00195833	1
-0.00310036	0.7	0.000391666	1
-0.0428868	0.702148	0.00541786	1
-0.0810824	0.703693	0.0102431	1
-0.11752	0.704428	0.0148462	1
-0.152032	0.704146	0.0192061	1
-0.184452	0.702642	0.0233017	1
-0.214612	0.699708	0.0271117	1
-0.242345	0.695139	0.0306152	1
-0.267484	0.688727	0.033791	1
-0.289861	0.680266	0.0366179	1
-0.30931	0.66955	0.0390749	1
-0.325663	0.656371	0.0411407	1
-0.338753	0.640525	0.0427944	1
-0.348412	0.621803	0.0440147	1
-0.354474	0.6	0.0447805	1
-0.354474	0.6	0.0447805	1
-0.357514	0.577687	0.0451645	1
-0.358295	0.557434	0.0452631	1
-0.356928	0.539037	0.0450905	1
-0.353528	0.522287	0.044661	1
-0.348207	0.506979	0.0439888	1
-0.341079	0.492906	0.0430882	1
-0.332255	0.479861	0.0419735	1
-0.32185	0.467638	0.040659	1
-0.309976	0.456031	0.039159	1
-0.296746	0.444833	0.0374877	1
-0.282273	0.433837	0.0356593	1
-0.26667	0.422838	0.0336882	1
-0.25005	0.411627	0.0315887	1
-0.232527	0.4	0.029375	1
-0.232527	0.4	0.029375	1
-0.230459	0.382922	0.0291137	1
-0.232497	0.367342	0.0293711	1
-0.238381	0.353171	0.0301145	1
-0.247851	0.34032	0.0313108	1
-0.260647	0.3287	0.0329274	1
-0.27651	0.318222	0.0349314	1
-0.29518	0.308796	0.0372899	1
-0.316396	0.300335	0.0399701	1
-0.339899	0.292748	0.0429392	1
-0.36543	0.285946	0.0461644	1
-0.392727	0.279842	0.0496129	1
-0.421531	0.274344	0.0532517	1
-0.451583	0.269365	0.0570482	1
-0.482622	0.264815	0.0609693	1
-0.482622	0.264815	0.0609693	1
-0.51134	0.258573	0.0645973	1
-0.534949	0.248666	0.0675797	1
-0.55397	0.235229	0.0699827	1
-0.568926	0.218394	0.071872	1
-0.580339	0.198296	0.0733138	1
-0.588731	0.175067	0.0743739	1
-0.594623	0.148843	0.0751183	1
-0.598538	0.119755	0.0756129	1
-0.600998	0.087938	0.0759236	1
-0.602524	0.0535255	0.0761164	1
-0.603639	0.0166512	0.0762573	1
-0.604865	-0.0225516	0.0764122	1
-0.606724	-0.0639489	0.076647	1
-0.609737	-0.107407	0.0770276	1
-0.609737	-0.107407	0.0770276	1
-0.612911	-0.151389	0.0774285	1
-0.615004	-0.194633	0.077693	1
-0.616171	-0.237424	0.0778404	1
-0.616565	-0.280045	0.0778902	1
-0.616339	-0.32278	0.0778617	1
-0.615649	-0.365911	0.0777744	1
-0.614646	-0.409722	0.0776478	1
-0.613485	-0.454497	0.0775011	1
-0.61232	-0.50052	0.0773539	1
-0.611304	-0.548073	0.0772256	1
-0.610591	-0.59744	0.0771355	1
-0.610334	-0.648904	0.077103	1
-0.610687	-0.702749	0.0771476	1
-0.611804	-0.759259	0.0772888	1
-0.611804	-0.759259	0.0772888	1
-0.611757	-0.812379	0.0772828	1
-0.608643	-0.856441	0.0768895	1
-0.602656	-0.892307	0.076133	1
-0.593985	-0.92084	0.0750377	1
-0.582825	-0.942902	0.0736278	1
-0.569366	-0.959356	0.0719276	1
-0.553802	-0.971065	0.0699613	1
-0.536323	-0.97889	0.0677533	1
-0.517122	-0.983694	0.0653277	1
-0.496392	-0.986341	0.0627088	1
-0.474324	-0.987691	0.059921	1
-0.45111	-0.988608	0.0569884	1
-0.426942	-0.989955	0.0539353	1
-0.402013	-0.992593	0.050786	1
-0.402013	-0.992593	0.050786	1
-0.378822	-0.99559	0.0478563	1
-0.359289	-0.997527	0.0453887	1
-0.342739	-0.998533	0.043298	1
-0.328496	-0.998737	0.0414987	1
-0.315885	-0.998268	0.0399055	1
-0.30423	-0.997257	0.0384331	1
-0.292855	-0.995833	0.0369961	1
-0.281084	-0.994126	0.0355091	1
-0.268242	-0.992265	0.0338869	1
-0.253654	-0.990379	0.0320439	1
-0.236643	-0.988599	0.0298949	1
-0.216534	-0.987053	0.0273546	1
-0.192651	-0.985872	0.0243375	1
-0.164319	-0.985185	0.0207583	1
-0.164319	-0.985185	0.0207583	1
-0.135623	-0.984762	0.0171331	1
-0.110899	-0.984294	0.0140098	1
-0.0898494	-0.983794	0.0113506	1
-0.072176	-0.983274	0.00911794	1
-0.0575804	-0.982746	0.00727408	1
-0.0457642	-0.982221	0.00578136	1
-0.0364292	-0.981713	0.00460208	1
-0.0292772	-0.981233	0.00369856	1
-0.0240097	-0.980794	0.00303313	1
-0.0203286	-0.980407	0.0025681	1
-0.0179355	-0.980085	0.00226578	1
-0.0165322	-0.97984	0.00208851	1
-0.0158204	-0.979684	0.00199858	1
-0.0155018	-0.97963	0.00195833	1
-0.00290555	0.7	0.00115039	1
-0.0401921	0.702148	0.0159132	1
-0.0759877	0.703693	0.0300856	1
-0.110136	0.704428	0.0436058	1
-0.142479	0.704146	0.0564115	1
-0.172862	0.702642	0.0684409	1
-0.201127	0.699708	0.0796317	1
-0.227117	0.695139	0.089922	1
-0.250677	0.688727	0.0992498	1
-0.271648	0.680266	0.107553	1
-0.289875	0.66955	0.114769	1
-0.3052	0.656371	0.120837	1
-0.317468	0.640525	0.125694	1
-0.32652	0.621803	0.129278	1
-0.332201	0.6	0.131528	1
-0.332201	0.6	0.131528	1
-0.33505	0.577687	0.132656	1
-0.335782	0.557434	0.132945	1
-0.334501	0.539037	0.132438	1
-0.331315	0.522287	0.131177	1
-0.326328	0.506979	0.129202	1
-0.319647	0.492906	0.126557	1
-0.311378	0.479861	0.123283	1
-0.301627	0.467638	0.119422	1
-0.290499	0.456031	0.115016	1
-0.2781	0.444833	0.110107	1
-0.264536	0.433837	0.104737	1
-0.249914	0.422838	0.098948	1
-0.234339	0.411627	0.0927812	1
-0.217916	0.4	0.0862791	1
-0.217916	0.4	0.0862791	1
-0.215978	0.382922	0.0855118	1
-0.217888	0.367342	0.086268	1
-0.223402	0.353171	0.0884512	1
-0.232278	0.34032	0.0919651	1
-0.24427	0.3287	0.0967133	1
-0.259136	0.318222	0.102599	1
-0.276633	0.308796	0.109527	1
-0.296516	0.300335	0.117399	1
-0.318542	0.292748	0.12612	1
-0.342468	0.285946	0.135593	1
-0.36805	0.279842	0.145721	1
-0.395045	0.274344	0.156409	1
-0.423209	0.269365	0.16756	1
-0.452298	0.264815	0.179077	1
-0.452298	0.264815	0.179077	1
-0.479211	0.258573	0.189733	1
-0.501336	0.248666	0.198493	1
-0.519162	0.235229	0.205551	1
-0.533179	0.218394	0.2111	1
-0.543874	0.198296	0.215335	1
-0.551739	0.175067	0.218449	1
-0.557261	0.148843	0.220635	1
-0.56093	0.119755	0.222088	1
-0.563235	0.087938	0.223	1
-0.564665	0.0535255	0.223567	1
-0.56571	0.0166512	0.22398	1
-0.566859	-0.0225516	0.224435	1
-0.568601	-0.0639489	0.225125	1
-0.571425	-0.107407	0.226243	1
-0.571425	-0.107407	0.226243	1
-0.574399	-0.151389	0.227421	1
-0.576361	-0.194633	0.228197	1
-0.577454	-0.237424	0.22863	1
-0.577824	-0.280045	0.228776	1
-0.577613	-0.32278	0.228693	1
-0.576965	-0.365911	0.228437	1
-0.576026	-0.409722	0.228065	1
-0.574938	-0.454497	0.227634	1
-0.573846	-0.50052	0.227201	1
-0.572893	-0.548073	0.226824	1
-0.572225	-0.59744	0.22656	1
-0.571984	-0.648904	0.226464	1
-0.572315	-0.702749	0.226596	1
-0.573362	-0.759259	0.22701	1
-0.573362	-0.759259	0.22701	1
-0.573318	-0.812379	0.226993	1
-0.5704	-0.856441	0.225837	1
-0.564789	-0.892307	0.223615	1
-0.556663	-0.92084	0.220398	1
-0.546204	-0.942902	0.216257	1
-0.533591	-0.959356	0.211263	1
-0.519004	-0.971065	0.205488	1
-0.502624	-0.97889	0.199003	1
-0.48463	-0.983694	0.191878	1
-0.465202	-0.986341	0.184186	1
-0.44452	-0.987691	0.175998	1
-0.422765	-0.988608	0.167384	1
-0.400116	-0.989955	0.158417	1
-0.376753	-0.992593	0.149167	1
-0.376753	-0.992593	0.149167	1
-0.355019	-0.99559	0.140562	1
-0.336714	-0.997527	0.133314	1
-0.321204	-0.998533	0.127173	1
-0.307856	-0.998737	0.121889	1
-0.296037	-0.998268	0.117209	1
-0.285114	-0.997257	0.112885	1
-0.274454	-0.995833	0.108664	1
-0.263423	-0.994126	0.104296	1
-0.251388	-0.992265	0.0995314	1
-0.237716	-0.990379	0.0941183	1
-0.221774	-0.988599	0.0878064	1
-0.202928	-0.987053	0.080345	1
-0.180546	-0.985872	0.0714833	1
-0.153994	-0.985185	0.0609706	1
-0.153994	-0.985185	0.0609706	1
-0.127101	-0.984762	0.0503228	1
-0.103931	-0.984294	0.041149	1
-0.0842038	-0.983794	0.0333386	1
-0.0676409	-0.983274	0.0267809	1
-0.0539624	-0.982746	0.0213652	1
-0.0428887	-0.982221	0.0169808	1
-0.0341402	-0.981713	0.0135171	1
-0.0274376	-0.981233	0.0108633	1
-0.0225011	-0.980794	0.00890881	1
-0.0190513	-0.980407	0.00754293	1
-0.0168086	-0.980085	0.00665498	1
-0.0154935	-0.97984	0.00613429	1
-0.0148264	-0.979684	0.00587017	1
-0.0145278	-0.97963	0.00575194	1
-0.00252818	0.7	0.00183683	1
-0.0349719	0.702148	0.0254086	1
-0.0661184	0.703693	0.0480378	1
-0.0958312	0.704428	0.0696254	1
-0.123974	0.704146	0.0900724	1
-0.150411	0.702642	0.10928	1
-0.175004	0.699708	0.127148	1
-0.197619	0.695139	0.143579	1
-0.218119	0.688727	0.158472	1
-0.236366	0.680266	0.17173	1
-0.252226	0.66955	0.183253	1
-0.265561	0.656371	0.192941	1
-0.276235	0.640525	0.200696	1
-0.284112	0.621803	0.206419	1
-0.289055	0.6	0.210011	1
-0.289055	0.6	0.210011	1
-0.291534	0.577687	0.211812	1
-0.29217	0.557434	0.212274	1
-0.291056	0.539037	0.211465	1
-0.288284	0.522287	0.20945	1
-0.283945	0.506979	0.206298	1
-0.278132	0.492906	0.202074	1
-0.270936	0.479861	0.196847	1
-0.262451	0.467638	0.190682	1
-0.252769	0.456031	0.183647	1
-0.24198	0.444833	0.175809	1
-0.230178	0.433837	0.167234	1
-0.217455	0.422838	0.15799	1
-0.203903	0.411627	0.148144	1
-0.189613	0.4	0.137762	1
-0.189613	0.4	0.137762	1
-0.187927	0.382922	0.136537	1
-0.189589	0.367342	0.137744	1
-0.194387	0.353171	0.14123	1
-0.202109	0.34032	0.146841	1
-0.212544	0.3287	0.154422	1
-0.22548	0.318222	0.16382	1
-0.240704	0.308796	0.174881	1
-0.258004	0.300335	0.187451	1
-0.27717	0.292748	0.201376	1
-0.297988	0.285946	0.216501	1
-0.320248	0.279842	0.232674	1
-0.343736	0.274344	0.249739	1
-0.368242	0.269365	0.267543	1
-0.393553	0.264815	0.285933	1
-0.393553	0.264815	0.285933	1
-0.416971	0.258573	0.302947	1
-0.436223	0.248666	0.316934	1
-0.451733	0.235229	0.328203	1
-0.463929	0.218394	0.337064	1
-0.473236	0.198296	0.343826	1
-0.480079	0.175067	0.348797	1
-0.484884	0.148843	0.352288	1
-0.488076	0.119755	0.354608	1
-0.490082	0.087938	0.356065	1
-0.491327	0.0535255	0.35697	1
-0.492236	0.0166512	0.35763	1
-0.493236	-0.0225516	0.358356	1
-0.494751	-0.0639489	0.359458	1
-0.497208	-0.107407	0.361243	1
-0.497208	-0.107407	0.361243	1
-0.499796	-0.151389	0.363123	1
-0.501503	-0.194633	0.364363	1
-0.502455	-0.237424	0.365054	1
-0.502776	-0.280045	0.365288	1
-0.502592	-0.32278	0.365154	1
-0.502029	-0.365911	0.364745	1
-0.501211	-0.409722	0.364151	1
-0.500265	-0.454497	0.363464	1
-0.499315	-0.50052	0.362773	1
-0.498486	-0.548073	0.362171	1
-0.497904	-0.59744	0.361749	1
-0.497695	-0.648904	0.361596	1
-0.497983	-0.702749	0.361806	1
-0.498894	-0.759259	0.362467	1
-0.498894	-0.759259	0.362467	1
-0.498855	-0.812379	0.36244	1
-0.496317	-0.856441	0.360595	1
-0.491434	-0.892307	0.357047	1
-0.484364	-0.92084	0.351911	1
-0.475263	-0.942902	0.345299	1
-0.464288	-0.959356	0.337325	1
-0.451596	-0.971065	0.328103	1
-0.437343	-0.97889	0.317748	1
-0.421686	-0.983694	0.306373	1
-0.404781	-0.986341	0.294091	1
-0.386786	-0.987691	0.281016	1
-0.367856	-0.988608	0.267263	1
-0.348149	-0.989955	0.252945	1
-0.32782	-0.992593	0.238175	1
-0.32782	-0.992593	0.238175	1
-0.308909	-0.99559	0.224436	1
-0.292981	-0.997527	0.212863	1
-0.279486	-0.998533	0.203058	1
-0.267871	-0.998737	0.19462	1
-0.257588	-0.998268	0.187148	1
-0.248083	-0.997257	0.180243	1
-0.238808	-0.995833	0.173504	1
-0.229209	-0.994126	0.16653	1
-0.218737	-0.992265	0.158922	1
-0.206841	-0.990379	0.150279	1
-0.19297	-0.988599	0.140201	1
-0.176572	-0.987053	0.128287	1
-0.157097	-0.985872	0.114138	1
-0.133993	-0.985185	0.0973519	1
-0.133993	-0.985185	0.0973519	1
-0.110593	-0.984762	0.0803505	1
-0.0904321	-0.984294	0.0657028	1
-0.0732674	-0.983794	0.0532319	1
-0.0588557	-0.983274	0.0427612	1
-0.0469537	-0.982746	0.0341139	1
-0.0373183	-0.982221	0.0271133	1
-0.0297061	-0.981713	0.0215827	1
-0.023874	-0.981233	0.0173454	1
-0.0195786	-0.980794	0.0142247	1
-0.0165769	-0.980407	0.0120438	1
-0.0146255	-0.980085	0.010626	1
-0.0134812	-0.97984	0.00979463	1
-0.0129007	-0.979684	0.00937291	1
-0.0126409	-0.97963	0.00918414	1
-0.00199195	0.7	0.00240785	1
-0.0275544	0.702148	0.0333075	1
-0.0520946	0.703693	0.0629716	1
-0.0755054	0.704428	0.0912703	1
-0.0976791	0.704146	0.118074	1
-0.118508	0.702642	0.143252	1
-0.137886	0.699708	0.166675	1
-0.155704	0.695139	0.188214	1
-0.171856	0.688727	0.207738	1
-0.186233	0.680266	0.225117	1
-0.198729	0.66955	0.240221	1
-0.209235	0.656371	0.252922	1
-0.217645	0.640525	0.263088	1
-0.223852	0.621803	0.27059	1
-0.227746	0.6	0.275298	1
-0.227746	0.6	0.275298	1
-0.2297	0.577687	0.277659	1
-0.230201	0.557434	0.278265	1
-0.229323	0.539037	0.277204	1
-0.227138	0.522287	0.274563	1
-0.22372	0.506979	0.270431	1
-0.21914	0.492906	0.264894	1
-0.213471	0.479861	0.258042	1
-0.206785	0.467638	0.24996	1
-0.199156	0.456031	0.240739	1
-0.190656	0.444833	0.230464	1
-0.181358	0.433837	0.219223	1
-0.171333	0.422838	0.207106	1
-0.160655	0.411627	0.194198	1
-0.149396	0.4	0.180589	1
-0.149396	0.4	0.180589	1
-0.148068	0.382922	0.178983	1
-0.149377	0.367342	0.180566	1
-0.153157	0.353171	0.185135	1
-0.159242	0.34032	0.19249	1
-0.167463	0.3287	0.202428	1
-0.177655	0.318222	0.214748	1
-0.18965	0.308796	0.229248	1
-0.203282	0.300335	0.245725	1
-0.218382	0.292748	0.263978	1
-0.234785	0.285946	0.283806	1
-0.252323	0.279842	0.305006	1
-0.27083	0.274344	0.327377	1
-0.290138	0.269365	0.350716	1
-0.31008	0.264815	0.374822	1
-0.31008	0.264815	0.374822	1
-0.328531	0.258573	0.397126	1
-0.3437	0.248666	0.415461	1
-0.355921	0.235229	0.430234	1
-0.36553	0.218394	0.441849	1
-0.372862	0.198296	0.450713	1
-0.378254	0.175067	0.45723	1
-0.38204	0.148843	0.461806	1
-0.384555	0.119755	0.464847	1
-0.386135	0.087938	0.466757	1
-0.387116	0.0535255	0.467943	1
-0.387832	0.0166512	0.468809	1
-0.38862	-0.0225516	0.469761	1
-0.389814	-0.0639489	0.471204	1
-0.39175	-0.107407	0.473544	1
-0.39175	-0.107407	0.473544	1
-0.393789	-0.151389	0.476009	1
-0.395134	-0.194633	0.477635	1
-0.395884	-0.237424	0.478541	1
-0.396137	-0.280045	0.478847	1
-0.395992	-0.32278	0.478672	1
-0.395548	-0.365911	0.478136	1
-0.394904	-0.409722	0.477357	1
-0.394158	-0.454497	0.476455	1
-0.39341	-0.50052	0.47555	1
-0.392757	-0.548073	0.474761	1
-0.392299	-0.59744	0.474207	1
-0.392134	-0.648904	0.474008	1
-0.392361	-0.702749	0.474282	1
-0.393078	-0.759259	0.47515	1
-0.393078	-0.759259	0.47515	1
-0.393048	-0.812379	0.475113	1
-0.391048	-0.856441	0.472695	1
-0.3872	-0.892307	0.468045	1
-0.38163	-0.92084	0.461311	1
-0.374459	-0.942902	0.452643	1
-0.365812	-0.959356	0.442191	1
-0.355812	-0.971065	0.430103	1
-0.344582	-0.97889	0.416528	1
-0.332246	-0.983694	0.401616	1
-0.318927	-0.986341	0.385516	1
-0.304748	-0.987691	0.368377	1
-0.289834	-0.988608	0.350349	1
-0.274306	-0.989955	0.331579	1
-0.25829	-0.992593	0.312218	1
-0.25829	-0.992593	0.312218	1
-0.243389	-0.99559	0.294207	1
-0.23084	-0.997527	0.279037	1
-0.220207	-0.998533	0.266184	1
-0.211056	-0.998737	0.255122	1
-0.202953	-0.998268	0.245328	1
-0.195465	-0.997257	0.236276	1
-0.188156	-0.995833	0.227442	1
-0.180594	-0.994126	0.2183	1
-0.172343	-0.992265	0.208327	1
-0.16297	-0.990379	0.196997	1
-0.152041	-0.988599	0.183786	1
-0.139121	-0.987053	0.168168	1
-0.123777	-0.985872	0.14962	1
-0.105573	-0.985185	0.127616	1
-0.105573	-0.985185	0.127616	1
-0.0871362	-0.984762	0.10533	1
-0.0712514	-0.984294	0.0861281	1
-0.0577274	-0.983794	0.0697804	1
-0.0463724	-0.983274	0.0560546	1
-0.0369948	-0.982746	0.044719	1
-0.029403	-0.982221	0.0355422	1
-0.0234054	-0.981713	0.0282923	1
-0.0188103	-0.981233	0.0227377	1
-0.015426	-0.980794	0.0186468	1
-0.0130609	-0.980407	0.0157879	1
-0.0115234	-0.980085	0.0139294	1
-0.0106218	-0.97984	0.0128395	1
-0.0101645	-0.979684	0.0122867	1
-0.00995975	-0.97963	0.0120393	1
-0.00133056	0.7	0.00282758	1
-0.0184055	0.702148	0.0391136	1
-0.0347976	0.703693	0.0739486	1
-0.0504352	0.704428	0.10718	1
-0.0652466	0.704146	0.138656	1
-0.07916	0.702642	0.168223	1
-0.0921035	0.699708	0.19573	1
-0.104005	0.695139	0.221023	1
-0.114794	0.688727	0.24395	1
-0.124398	0.680266	0.264359	1
-0.132744	0.66955	0.282096	1
-0.139763	0.656371	0.29701	1
-0.14538	0.640525	0.308949	1
-0.149526	0.621803	0.317758	1
-0.152127	0.6	0.323287	1
-0.152127	0.6	0.323287	1
-0.153432	0.577687	0.32606	1
-0.153767	0.557434	0.326771	1
-0.153181	0.539037	0.325525	1
-0.151721	0.522287	0.322424	1
-0.149438	0.506979	0.317572	1
-0.146378	0.492906	0.31107	1
-0.142592	0.479861	0.303023	1
-0.138126	0.467638	0.293533	1
-0.13303	0.456031	0.282703	1
-0.127352	0.444833	0.270637	1
-0.121141	0.433837	0.257438	1
-0.114445	0.422838	0.243208	1
-0.107312	0.411627	0.228051	1
-0.0997921	0.4	0.212069	1
-0.0997921	0.4	0.212069	1
-0.0989045	0.382922	0.210183	1
-0.0997791	0.367342	0.212041	1
-0.102304	0.353171	0.217408	1
-0.106369	0.34032	0.226045	1
-0.11186	0.3287	0.237715	1
-0.118668	0.318222	0.252183	1
-0.12668	0.308796	0.26921	1
-0.135786	0.300335	0.288559	1
-0.145872	0.292748	0.309995	1
-0.156829	0.285946	0.333279	1
-0.168544	0.279842	0.358174	1
-0.180906	0.274344	0.384444	1
-0.193803	0.269365	0.411852	1
-0.207124	0.264815	0.440161	1
-0.207124	0.264815	0.440161	1
-0.219449	0.258573	0.466352	1
-0.229581	0.248666	0.487883	1
-0.237744	0.235229	0.505231	1
-0.244162	0.218394	0.518871	1
-0.24906	0.198296	0.52928	1
-0.252662	0.175067	0.536933	1
-0.25519	0.148843	0.542307	1
-0.256871	0.119755	0.545878	1
-0.257926	0.087938	0.548121	1
-0.258581	0.0535255	0.549513	1
-0.25906	0.0166512	0.55053	1
-0.259586	-0.0225516	0.551648	1
-0.260384	-0.0639489	0.553343	1
-0.261677	-0.107407	0.556092	1
-0.261677	-0.107407	0.556092	1
-0.263039	-0.151389	0.558986	1
-0.263937	-0.194633	0.560895	1
-0.264438	-0.237424	0.561959	1
-0.264607	-0.280045	0.562318	1
-0.26451	-0.32278	0.562113	1
-0.264214	-0.365911	0.561483	1
-0.263784	-0.409722	0.560569	1
-0.263285	-0.454497	0.55951	1
-0.262785	-0.50052	0.558447	1
-0.262349	-0.548073	0.55752	1
-0.262043	-0.59744	0.55687	1
-0.261933	-0.648904	0.556636	1
-0.262085	-0.702749	0.556958	1
-0.262564	-0.759259	0.557977	1
-0.262564	-0.759259	0.557977	1
-0.262544	-0.812379	0.557934	1
-0.261208	-0.856441	0.555094	1
-0.258638	-0.892307	0.549633	1
-0.254917	-0.92084	0.541726	1
-0.250127	-0.942902	0.531547	1
-0.244351	-0.959356	0.519273	1
-0.237671	-0.971065	0.505077	1
-0.23017	-0.97889	0.489136	1
-0.22193	-0.983694	0.471625	1
-0.213033	-0.986341	0.452719	1
-0.203562	-0.987691	0.432592	1
-0.1936	-0.988608	0.41142	1
-0.183228	-0.989955	0.389379	1
-0.172529	-0.992593	0.366643	1
-0.172529	-0.992593	0.366643	1
-0.162577	-0.99559	0.345493	1
-0.154194	-0.997527	0.327678	1
-0.147091	-0.998533	0.312584	1
-0.140979	-0.998737	0.299595	1
-0.135566	-0.998268	0.288093	1
-0.130564	-0.997257	0.277463	1
-0.125683	-0.995833	0.267089	1
-0.120631	-0.994126	0.256354	1
-0.11512	-0.992265	0.244642	1
-0.108859	-0.990379	0.231337	1
-0.101559	-0.988599	0.215823	1
-0.0929285	-0.987053	0.197483	1
-0.0826789	-0.985872	0.175701	1
-0.0705197	-0.985185	0.149862	1
-0.0705197	-0.985185	0.149862	1
-0.0582043	-0.984762	0.12369	1
-0.0475937	-0.984294	0.101142	1
-0.0385601	-0.983794	0.0819443	1
-0.0309753	-0.983274	0.0658258	1
-0.0247114	-0.982746	0.0525143	1
-0.0196403	-0.982221	0.0417378	1
-0.0156341	-0.981713	0.0332241	1
-0.0125647	-0.981233	0.0267013	1
-0.0103041	-0.980794	0.0218973	1
-0.00872429	-0.980407	0.0185401	1
-0.00769728	-0.980085	0.0163575	1
-0.00709503	-0.97984	0.0150777	1
-0.00678955	-0.979684	0.0144285	1
-0.0066528	-0.97963	0.0141379	1
-0.000585568	0.7	0.00306965	1
-0.00810008	0.702148	0.042462	1
-0.0153141	0.703693	0.0802792	1
-0.0221961	0.704428	0.116356	1
-0.0287145	0.704146	0.150526	1
-0.0348376	0.702642	0.182625	1
-0.040534	0.699708	0.212486	1
-0.0457719	0.695139	0.239944	1
-0.0505199	0.688727	0.264834	1
-0.0547464	0.680266	0.28699	1
-0.0584197	0.66955	0.306246	1
-0.0615083	0.656371	0.322437	1
-0.0639806	0.640525	0.335397	1
-0.065805	0.621803	0.344961	1
-0.06695	0.6	0.350963	1
-0.06695	0.6	0.350963	1
-0.0675242	0.577687	0.353973	1
-0.0676715	0.557434	0.354746	1
-0.0674135	0.539037	0.353393	1
-0.0667713	0.522287	0.350026	1
-0.0657663	0.506979	0.344758	1
-0.0644199	0.492906	0.3377	1
-0.0627534	0.479861	0.328964	1
-0.0607881	0.467638	0.318662	1
-0.0585454	0.456031	0.306905	1
-0.0560467	0.444833	0.293806	1
-0.0533132	0.433837	0.279477	1
-0.0503663	0.422838	0.264028	1
-0.0472273	0.411627	0.247573	1
-0.0439176	0.4	0.230224	1
-0.0439176	0.4	0.230224	1
-0.043527	0.382922	0.228176	1
-0.0439119	0.367342	0.230194	1
-0.0450232	0.353171	0.236019	1
-0.0468119	0.34032	0.245396	1
-0.0492288	0.3287	0.258066	1
-0.0522248	0.318222	0.273771	1
-0.055751	0.308796	0.292256	1
-0.0597581	0.300335	0.313262	1
-0.0641972	0.292748	0.336532	1
-0.0690191	0.285946	0.36181	1
-0.0741748	0.279842	0.388837	1
-0.0796151	0.274344	0.417356	1
-0.085291	0.269365	0.44711	1
-0.0911535	0.264815	0.477842	1
-0.0911535	0.264815	0.477842	1
-0.0965774	0.258573	0.506275	1
-0.101036	0.248666	0.52965	1
-0.104629	0.235229	0.548483	1
-0.107454	0.218394	0.563291	1
-0.109609	0.198296	0.574591	1
-0.111194	0.175067	0.582899	1
-0.112307	0.148843	0.588733	1
-0.113047	0.119755	0.592609	1
-0.113511	0.087938	0.595044	1
-0.113799	0.0535255	0.596556	1
-0.11401	0.0166512	0.59766	1
-0.114242	-0.0225516	0.598874	1
-0.114593	-0.0639489	0.600714	1
-0.115162	-0.107407	0.603697	1
-0.115162	-0.107407	0.603697	1
-0.115761	-0.151389	0.606839	1
-0.116156	-0.194633	0.608912	1
-0.116377	-0.237424	0.610067	1
-0.116451	-0.280045	0.610457	1
-0.116409	-0.32278	0.610234	1
-0.116278	-0.365911	0.60955	1
-0.116089	-0.409722	0.608558	1
-0.11587	-0.454497	0.607408	1
-0.11565	-0.50052	0.606255	1
-0.115458	-0.548073	0.605249	1
-0.115323	-0.59744	0.604542	1
-0.115274	-0.648904	0.604288	1
-0.115341	-0.702749	0.604638	1
-0.115552	-0.759259	0.605744	1
-0.115552	-0.759259	0.605744	1
-0.115543	-0.812379	0.605697	1
-0.114955	-0.856441	0.602614	1
-0.113824	-0.892307	0.596686	1
-0.112187	-0.92084	0.588101	1
-0.110079	-0.942902	0.577052	1
-0.107537	-0.959356	0.563726	1
-0.104597	-0.971065	0.548316	1
-0.101296	-0.97889	0.53101	1
-0.0976695	-0.983694	0.512	1
-0.0937541	-0.986341	0.491475	1
-0.089586	-0.987691	0.469625	1
-0.0852016	-0.988608	0.446641	1
-0.0806371	-0.989955	0.422713	1
-0.0759287	-0.992593	0.398031	1
-0.0759287	-0.992593	0.398031	1
-0.0715485	-0.99559	0.375069	1
-0.0678593	-0.997527	0.35573	1
-0.0647335	-0.998533	0.339344	1
-0.0620435	-0.998737	0.325242	1
-0.0596616	-0.998268	0.312756	1
-0.0574602	-0.997257	0.301216	1
-0.0553118	-0.995833	0.289954	1
-0.0530887	-0.994126	0.2783	1
-0.0506632	-0.992265	0.265585	1
-0.0479079	-0.990379	0.251141	1
-0.044695	-0.988599	0.234299	1
-0.040897	-0.987053	0.214389	1
-0.0363863	-0.985872	0.190743	1
-0.0310351	-0.985185	0.162691	1
-0.0310351	-0.985185	0.162691	1
-0.0256152	-0.984762	0.134279	1
-0.0209456	-0.984294	0.1098	1
-0.01697	-0.983794	0.0889594	1
-0.013632	-0.983274	0.071461	1
-0.0108753	-0.982746	0.05701	1
-0.00864353	-0.982221	0.0453109	1
-0.00688043	-0.981713	0.0360684	1
-0.00552961	-0.981233	0.0289871	1
-0.00453474	-0.980794	0.0237719	1
-0.00383948	-0.980407	0.0201272	1
-0.0033875	-0.980085	0.0177579	1
-0.00312246	-0.97984	0.0163685	1
-0.00298802	-0.979684	0.0156637	1
-0.00292784	-0.97963	0.0153482	1
0.00019622	0.7	0.00311883	1
0.00271429	0.702148	0.0431424	1
0.00513167	0.703693	0.0815655	1
0.00743779	0.704428	0.11822	1
0.00962205	0.704146	0.152938	1
0.0116739	0.702642	0.185551	1
0.0135827	0.699708	0.215891	1
0.0153379	0.695139	0.243789	1
0.0169289	0.688727	0.269077	1
0.0183452	0.680266	0.291588	1
0.0195761	0.66955	0.311153	1
0.0206111	0.656371	0.327603	1
0.0214395	0.640525	0.340771	1
0.0220509	0.621803	0.350488	1
0.0224345	0.6	0.356587	1
0.0224345	0.6	0.356587	1
0.022627	0.577687	0.359645	1
0.0226763	0.557434	0.36043	1
0.0225899	0.539037	0.359055	1
0.0223747	0.522287	0.355635	1
0.0220379	0.506979	0.350282	1
0.0215867	0.492906	0.343111	1
0.0210283	0.479861	0.334235	1
0.0203697	0.467638	0.323768	1
0.0196182	0.456031	0.311823	1
0.0187809	0.444833	0.298514	1
0.0178649	0.433837	0.283955	1
0.0168774	0.422838	0.268259	1
0.0158256	0.411627	0.25154	1
0.0147165	0.4	0.233913	1
0.0147165	0.4	0.233913	1
0.0145857	0.382922	0.231832	1
0.0147146	0.367342	0.233882	1
0.015087	0.353171	0.239801	1
0.0156864	0.34032	0.249328	1
0.0164963	0.3287	0.262201	1
0.0175002	0.318222	0.278158	1
0.0186818	0.308796	0.296939	1
0.0200246	0.300335	0.318282	1
0.0215121	0.292748	0.341925	1
0.0231279	0.285946	0.367607	1
0.0248555	0.279842	0.395067	1
0.0266785	0.274344	0.424043	1
0.0285805	0.269365	0.454274	1
0.030545	0.264815	0.485498	1
0.030545	0.264815	0.485498	1
0.0323625	0.258573	0.514387	1
0.0338567	0.248666	0.538137	1
0.0350606	0.235229	0.557271	1
0.0360071	0.218394	0.572317	1
0.0367294	0.198296	0.583797	1
0.0372605	0.175067	0.592239	1
0.0376335	0.148843	0.598166	1
0.0378812	0.119755	0.602105	1
0.0380369	0.087938	0.604579	1
0.0381335	0.0535255	0.606115	1
0.0382041	0.0166512	0.607236	1
0.0382817	-0.0225516	0.60847	1
0.0383993	-0.0639489	0.610339	1
0.03859	-0.107407	0.613371	1
0.03859	-0.107407	0.613371	1
0.0387909	-0.151389	0.616563	1
0.0389234	-0.194633	0.618669	1
0.0389972	-0.237424	0.619842	1
0.0390221	-0.280045	0.620239	1
0.0390079	-0.32278	0.620012	1
0.0389642	-0.365911	0.619317	1
0.0389007	-0.409722	0.618309	1
0.0388272	-0.454497	0.617141	1
0.0387535	-0.50052	0.615969	1
0.0386892	-0.548073	0.614947	1
0.038644	-0.59744	0.614229	1
0.0386278	-0.648904	0.613971	1
0.0386501	-0.702749	0.614326	1
0.0387208	-0.759259	0.61545	1
0.0387208	-0.759259	0.61545	1
0.0387179	-0.812379	0.615402	1
0.0385208	-0.856441	0.61227	1
0.0381418	-0.892307	0.606247	1
0.0375931	-0.92084	0.597525	1
0.0368868	-0.942902	0.586298	1
0.036035	-0.959356	0.572759	1
0.0350499	-0.971065	0.557102	1
0.0339437	-0.97889	0.539519	1
0.0327285	-0.983694	0.520204	1
0.0314164	-0.986341	0.49935	1
0.0300198	-0.987691	0.47715	1
0.0285506	-0.988608	0.453798	1
0.027021	-0.989955	0.429486	1
0.0254433	-0.992593	0.404409	1
0.0254433	-0.992593	0.404409	1
0.0239755	-0.99559	0.381079	1
0.0227393	-0.997527	0.36143	1
0.0216918	-0.998533	0.344781	1
0.0207904	-0.998737	0.330454	1
0.0199923	-0.998268	0.317768	1
0.0192546	-0.997257	0.306043	1
0.0185347	-0.995833	0.2946	1
0.0177897	-0.994126	0.282759	1
0.016977	-0.992265	0.269841	1
0.0160537	-0.990379	0.255165	1
0.014977	-0.988599	0.238053	1
0.0137044	-0.987053	0.217824	1
0.0121928	-0.985872	0.193799	1
0.0103997	-0.985185	0.165298	1
0.0103997	-0.985185	0.165298	1
0.0085835	-0.984762	0.136431	1
0.00701874	-0.984294	0.11156	1
0.00568653	-0.983794	0.0903848	1
0.00456799	-0.983274	0.0726061	1
0.00364424	-0.982746	0.0579235	1
0.0028964	-0.982221	0.0460369	1
0.00230559	-0.981713	0.0366463	1
0.00185294	-0.981233	0.0294516	1
0.00151957	-0.980794	0.0241528	1
0.00128659	-0.980407	0.0204497	1
0.00113513	-0.980085	0.0180424	1
0.00104632	-0.97984	0.0166308	1
0.00100127	-0.979684	0.0159147	1
0.000981102	-0.97963	0.0155942	1
0.000965679	0.7	0.00297205	1
0.0133581	0.702148	0.0411119	1
0.025255	0.703693	0.0777268	1
0.0366043	0.704428	0.112656	1
0.0473539	0.704146	0.14574	1
0.0574518	0.702642	0.176818	1
0.0668458	0.699708	0.20573	1
0.0754839	0.695139	0.232315	1
0.0833139	0.688727	0.256414	1
0.0902839	0.680266	0.277865	1
0.0963417	0.66955	0.296509	1
0.101435	0.656371	0.312185	1
0.105512	0.640525	0.324733	1
0.108521	0.621803	0.333993	1
0.110409	0.6	0.339805	1
0.110409	0.6	0.339805	1
0.111356	0.577687	0.342719	1
0.111599	0.557434	0.343467	1
0.111174	0.539037	0.342157	1
0.110115	0.522287	0.338898	1
0.108457	0.506979	0.333797	1
0.106237	0.492906	0.326963	1
0.103489	0.479861	0.318505	1
0.100248	0.467638	0.30853	1
0.0965491	0.456031	0.297147	1
0.0924283	0.444833	0.284465	1
0.0879204	0.433837	0.270591	1
0.0830606	0.422838	0.255634	1
0.077884	0.411627	0.239702	1
0.0724259	0.4	0.222904	1
0.0724259	0.4	0.222904	1
0.0717817	0.382922	0.220921	1
0.0724165	0.367342	0.222875	1
0.0742492	0.353171	0.228515	1
0.0771989	0.34032	0.237594	1
0.0811847	0.3287	0.249861	1
0.0861256	0.318222	0.265067	1
0.0919406	0.308796	0.282964	1
0.0985489	0.300335	0.303302	1
0.10587	0.292748	0.325833	1
0.113821	0.285946	0.350306	1
0.122324	0.279842	0.376474	1
0.131296	0.274344	0.404086	1
0.140656	0.269365	0.432895	1
0.150324	0.264815	0.462649	1
0.150324	0.264815	0.462649	1
0.159269	0.258573	0.490179	1
0.166622	0.248666	0.51281	1
0.172547	0.235229	0.531044	1
0.177205	0.218394	0.545382	1
0.18076	0.198296	0.556322	1
0.183374	0.175067	0.564366	1
0.185209	0.148843	0.570015	1
0.186429	0.119755	0.573768	1
0.187195	0.087938	0.576126	1
0.18767	0.0535255	0.577589	1
0.188017	0.0166512	0.578658	1
0.188399	-0.0225516	0.579833	1
0.188978	-0.0639489	0.581615	1
0.189917	-0.107407	0.584503	1
0.189917	-0.107407	0.584503	1
0.190905	-0.151389	0.587546	1
0.191557	-0.194633	0.589552	1
0.191921	-0.237424	0.590671	1
0.192043	-0.280045	0.591048	1
0.191973	-0.32278	0.590832	1
0.191758	-0.365911	0.59017	1
0.191446	-0.409722	0.589209	1
0.191084	-0.454497	0.588096	1
0.190721	-0.50052	0.586979	1
0.190405	-0.548073	0.586005	1
0.190183	-0.59744	0.585322	1
0.190103	-0.648904	0.585075	1
0.190213	-0.702749	0.585414	1
0.190561	-0.759259	0.586485	1
0.190561	-0.759259	0.586485	1
0.190546	-0.812379	0.58644	1
0.189576	-0.856441	0.583455	1
0.187711	-0.892307	0.577715	1
0.18501	-0.92084	0.569403	1
0.181534	-0.942902	0.558705	1
0.177342	-0.959356	0.545803	1
0.172494	-0.971065	0.530883	1
0.16705	-0.97889	0.514127	1
0.16107	-0.983694	0.495721	1
0.154613	-0.986341	0.475849	1
0.147739	-0.987691	0.454694	1
0.140509	-0.988608	0.432441	1
0.132981	-0.989955	0.409273	1
0.125216	-0.992593	0.385376	1
0.125216	-0.992593	0.385376	1
0.117993	-0.99559	0.363144	1
0.111909	-0.997527	0.34442	1
0.106754	-0.998533	0.328555	1
0.102318	-0.998737	0.314902	1
0.0983898	-0.998268	0.302812	1
0.0947594	-0.997257	0.291639	1
0.0912164	-0.995833	0.280735	1
0.0875502	-0.994126	0.269452	1
0.0835503	-0.992265	0.257141	1
0.0790064	-0.990379	0.243157	1
0.0737079	-0.988599	0.22685	1
0.0674445	-0.987053	0.207573	1
0.0600057	-0.985872	0.184678	1
0.051181	-0.985185	0.157519	1
0.051181	-0.985185	0.157519	1
0.0422428	-0.984762	0.13001	1
0.034542	-0.984294	0.106309	1
0.0279857	-0.983794	0.086131	1
0.0224809	-0.983274	0.069189	1
0.0179347	-0.982746	0.0551974	1
0.0142543	-0.982221	0.0438703	1
0.0113467	-0.981713	0.0349216	1
0.00911905	-0.981233	0.0280655	1
0.00747838	-0.980794	0.0230161	1
0.00633181	-0.980407	0.0194873	1
0.00558644	-0.980085	0.0171933	1
0.00514935	-0.97984	0.0158481	1
0.00492764	-0.979684	0.0151657	1
0.00482839	-0.97963	0.0148603	1
0.00167446	0.7	0.00263853	1
0.0231625	0.702148	0.0364983	1
0.0437914	0.703693	0.0690042	1
0.0634708	0.704428	0.100014	1
0.0821103	0.704146	0.129385	1
0.0996197	0.702642	0.156976	1
0.115909	0.699708	0.182643	1
0.130887	0.695139	0.206245	1
0.144464	0.688727	0.227639	1
0.15655	0.680266	0.246683	1
0.167054	0.66955	0.263235	1
0.175886	0.656371	0.277152	1
0.182955	0.640525	0.288292	1
0.188172	0.621803	0.296512	1
0.191446	0.6	0.301671	1
0.191446	0.6	0.301671	1
0.193088	0.577687	0.304259	1
0.19351	0.557434	0.304923	1
0.192772	0.539037	0.30376	1
0.190935	0.522287	0.300866	1
0.188062	0.506979	0.296338	1
0.184212	0.492906	0.290271	1
0.179446	0.479861	0.282762	1
0.173826	0.467638	0.273907	1
0.167413	0.456031	0.263801	1
0.160268	0.444833	0.252542	1
0.152451	0.433837	0.240225	1
0.144025	0.422838	0.226947	1
0.135049	0.411627	0.212803	1
0.125584	0.4	0.197889	1
0.125584	0.4	0.197889	1
0.124467	0.382922	0.196129	1
0.125568	0.367342	0.197864	1
0.128746	0.353171	0.202871	1
0.133861	0.34032	0.210931	1
0.140772	0.3287	0.221821	1
0.149339	0.318222	0.235321	1
0.159422	0.308796	0.25121	1
0.170881	0.300335	0.269265	1
0.183575	0.292748	0.289268	1
0.197363	0.285946	0.310995	1
0.212106	0.279842	0.334226	1
0.227663	0.274344	0.358739	1
0.243893	0.269365	0.384315	1
0.260657	0.264815	0.41073	1
0.260657	0.264815	0.41073	1
0.276167	0.258573	0.43517	1
0.288918	0.248666	0.455262	1
0.299191	0.235229	0.47145	1
0.307269	0.218394	0.484178	1
0.313433	0.198296	0.493891	1
0.317965	0.175067	0.501033	1
0.321147	0.148843	0.506047	1
0.323262	0.119755	0.509379	1
0.32459	0.087938	0.511472	1
0.325414	0.0535255	0.512771	1
0.326017	0.0166512	0.51372	1
0.326679	-0.0225516	0.514764	1
0.327683	-0.0639489	0.516346	1
0.32931	-0.107407	0.51891	1
0.32931	-0.107407	0.51891	1
0.331024	-0.151389	0.521611	1
0.332155	-0.194633	0.523392	1
0.332785	-0.237424	0.524385	1
0.332997	-0.280045	0.52472	1
0.332876	-0.32278	0.524529	1
0.332503	-0.365911	0.523941	1
0.331961	-0.409722	0.523088	1
0.331334	-0.454497	0.5221	1
0.330705	-0.50052	0.521108	1
0.330156	-0.548073	0.520243	1
0.329771	-0.59744	0.519636	1
0.329632	-0.648904	0.519418	1
0.329823	-0.702749	0.519718	1
0.330426	-0.759259	0.520669	1
0.330426	-0.759259	0.520669	1
0.330401	-0.812379	0.520629	1
0.328719	-0.856441	0.517979	1
0.325485	-0.892307	0.512883	1
0.320803	-0.92084	0.505504	1
0.314775	-0.942902	0.496007	1
0.307506	-0.959356	0.484553	1
0.2991	-0.971065	0.471307	1
0.28966	-0.97889	0.456432	1
0.27929	-0.983694	0.440091	1
0.268094	-0.986341	0.422449	1
0.256175	-0.987691	0.403668	1
0.243638	-0.988608	0.383912	1
0.230585	-0.989955	0.363344	1
0.217121	-0.992593	0.342129	1
0.217121	-0.992593	0.342129	1
0.204596	-0.99559	0.322392	1
0.194047	-0.997527	0.305769	1
0.185108	-0.998533	0.291684	1
0.177416	-0.998737	0.279563	1
0.170605	-0.998268	0.268831	1
0.16431	-0.997257	0.258911	1
0.158167	-0.995833	0.249231	1
0.151809	-0.994126	0.239213	1
0.144874	-0.992265	0.228285	1
0.136995	-0.990379	0.215869	1
0.127807	-0.988599	0.201392	1
0.116947	-0.987053	0.184279	1
0.104048	-0.985872	0.163954	1
0.0887463	-0.985185	0.139842	1
0.0887463	-0.985185	0.139842	1
0.0732478	-0.984762	0.11542	1
0.0598948	-0.984294	0.0943792	1
0.0485263	-0.983794	0.0764653	1
0.0389812	-0.983274	0.0614246	1
0.0310983	-0.982746	0.0490031	1
0.0247166	-0.982221	0.0389471	1
0.0196749	-0.981713	0.0310027	1
0.0158122	-0.981233	0.024916	1
0.0129673	-0.980794	0.0204332	1
0.0109792	-0.980407	0.0173004	1
0.00968672	-0.980085	0.0152638	1
0.00892882	-0.97984	0.0140696	1
0.00854437	-0.979684	0.0134638	1
0.00837229	-0.97963	0.0131926	1
0.00227803	0.7	0.00213921	1
0.0315116	0.702148	0.0295914	1
0.0595763	0.703693	0.0559458	1
0.0863492	0.704428	0.0810873	1
0.111707	0.704146	0.1049	1
0.135528	0.702642	0.127269	1
0.157689	0.699708	0.148079	1
0.178066	0.695139	0.167215	1
0.196537	0.688727	0.18456	1
0.212979	0.680266	0.200001	1
0.227269	0.66955	0.21342	1
0.239285	0.656371	0.224703	1
0.248903	0.640525	0.233735	1
0.256	0.621803	0.2404	1
0.260454	0.6	0.244583	1
0.260454	0.6	0.244583	1
0.262688	0.577687	0.246681	1
0.263262	0.557434	0.247219	1
0.262258	0.539037	0.246276	1
0.259759	0.522287	0.24393	1
0.25585	0.506979	0.240259	1
0.250612	0.492906	0.23534	1
0.244129	0.479861	0.229252	1
0.236483	0.467638	0.222072	1
0.227758	0.456031	0.213879	1
0.218037	0.444833	0.204751	1
0.207403	0.433837	0.194765	1
0.195939	0.422838	0.183999	1
0.183728	0.411627	0.172532	1
0.170852	0.4	0.160441	1
0.170852	0.4	0.160441	1
0.169332	0.382922	0.159014	1
0.17083	0.367342	0.16042	1
0.175153	0.353171	0.16448	1
0.182112	0.34032	0.171014	1
0.191514	0.3287	0.179844	1
0.203169	0.318222	0.190789	1
0.216887	0.308796	0.203671	1
0.232476	0.300335	0.21831	1
0.249745	0.292748	0.234526	1
0.268504	0.285946	0.252142	1
0.288561	0.279842	0.270977	1
0.309725	0.274344	0.290851	1
0.331806	0.269365	0.311587	1
0.354613	0.264815	0.333004	1
0.354613	0.264815	0.333004	1
0.375714	0.258573	0.352819	1
0.39306	0.248666	0.369108	1
0.407036	0.235229	0.382233	1
0.418026	0.218394	0.392552	1
0.426411	0.198296	0.400427	1
0.432577	0.175067	0.406217	1
0.436907	0.148843	0.410283	1
0.439783	0.119755	0.412984	1
0.44159	0.087938	0.414681	1
0.442712	0.0535255	0.415734	1
0.443531	0.0166512	0.416504	1
0.444432	-0.0225516	0.41735	1
0.445798	-0.0639489	0.418632	1
0.448012	-0.107407	0.420711	1
0.448012	-0.107407	0.420711	1
0.450344	-0.151389	0.422901	1
0.451882	-0.194633	0.424345	1
0.452739	-0.237424	0.42515	1
0.453028	-0.280045	0.425422	1
0.452863	-0.32278	0.425267	1
0.452355	-0.365911	0.42479	1
0.451619	-0.409722	0.424098	1
0.450766	-0.454497	0.423297	1
0.44991	-0.50052	0.422493	1
0.449163	-0.548073	0.421792	1
0.448639	-0.59744	0.4213	1
0.44845	-0.648904	0.421123	1
0.44871	-0.702749	0.421367	1
0.449531	-0.759259	0.422137	1
0.449531	-0.759259	0.422137	1
0.449496	-0.812379	0.422105	1
0.447208	-0.856441	0.419957	1
0.442809	-0.892307	0.415825	1
0.436438	-0.92084	0.409843	1
0.428238	-0.942902	0.402142	1
0.418349	-0.959356	0.392856	1
0.406913	-0.971065	0.382116	1
0.39407	-0.97889	0.370056	1
0.379962	-0.983694	0.356808	1
0.36473	-0.986341	0.342504	1
0.348515	-0.987691	0.327278	1
0.331458	-0.988608	0.31126	1
0.313701	-0.989955	0.294585	1
0.295384	-0.992593	0.277384	1
0.295384	-0.992593	0.277384	1
0.278344	-0.99559	0.261382	1
0.263992	-0.997527	0.247905	1
0.251832	-0.998533	0.236486	1
0.241367	-0.998737	0.226659	1
0.232101	-0.998268	0.217957	1
0.223537	-0.997257	0.209915	1
0.215179	-0.995833	0.202066	1
0.20653	-0.994126	0.193945	1
0.197094	-0.992265	0.185084	1
0.186375	-0.990379	0.175018	1
0.173876	-0.988599	0.163281	1
0.159101	-0.987053	0.149406	1
0.141553	-0.985872	0.132927	1
0.120735	-0.985185	0.113378	1
0.120735	-0.985185	0.113378	1
0.0996504	-0.984762	0.093578	1
0.0814843	-0.984294	0.0765189	1
0.0660179	-0.983794	0.061995	1
0.0530322	-0.983274	0.0498006	1
0.0423079	-0.982746	0.0397297	1
0.0336258	-0.982221	0.0315767	1
0.0267668	-0.981713	0.0251357	1
0.0215117	-0.981233	0.0202009	1
0.0176414	-0.980794	0.0165664	1
0.0149367	-0.980407	0.0140265	1
0.0131784	-0.980085	0.0123753	1
0.0121473	-0.97984	0.011407	1
0.0116242	-0.979684	0.0109159	1
0.0113901	-0.97963	0.010696	1
0.00273846	0.7	0.00150548	1
0.0378807	0.702148	0.0208251	1
0.0716177	0.703693	0.0393722	1
0.103802	0.704428	0.0570657	1
0.134286	0.704146	0.0738242	1
0.162921	0.702642	0.0895666	1
0.18956	0.699708	0.104212	1
0.214056	0.695139	0.117678	1
0.23626	0.688727	0.129885	1
0.256026	0.680266	0.140752	1
0.273204	0.66955	0.150196	1
0.287648	0.656371	0.158136	1
0.29921	0.640525	0.164493	1
0.307743	0.621803	0.169183	1
0.313097	0.6	0.172127	1
0.313097	0.6	0.172127	1
0.315782	0.577687	0.173603	1
0.316471	0.557434	0.173982	1
0.315265	0.539037	0.173318	1
0.312261	0.522287	0.171667	1
0.307562	0.506979	0.169084	1
0.301265	0.492906	0.165622	1
0.293471	0.479861	0.161337	1
0.284281	0.467638	0.156285	1
0.273793	0.456031	0.150519	1
0.262107	0.444833	0.144095	1
0.249323	0.433837	0.137067	1
0.235542	0.422838	0.12949	1
0.220862	0.411627	0.12142	1
0.205384	0.4	0.112911	1
0.205384	0.4	0.112911	1
0.203558	0.382922	0.111907	1
0.205358	0.367342	0.112896	1
0.210555	0.353171	0.115754	1
0.21892	0.34032	0.120352	1
0.230222	0.3287	0.126566	1
0.244234	0.318222	0.134269	1
0.260724	0.308796	0.143334	1
0.279464	0.300335	0.153637	1
0.300223	0.292748	0.165049	1
0.322773	0.285946	0.177446	1
0.346884	0.279842	0.190701	1
0.372326	0.274344	0.204688	1
0.39887	0.269365	0.219281	1
0.426287	0.264815	0.234353	1
0.426287	0.264815	0.234353	1
0.451652	0.258573	0.248298	1
0.472505	0.248666	0.259762	1
0.489306	0.235229	0.268999	1
0.502516	0.218394	0.276261	1
0.512597	0.198296	0.281803	1
0.520009	0.175067	0.285878	1
0.525213	0.148843	0.288739	1
0.528671	0.119755	0.29064	1
0.530844	0.087938	0.291834	1
0.532192	0.0535255	0.292576	1
0.533177	0.0166512	0.293117	1
0.53426	-0.0225516	0.293712	1
0.535902	-0.0639489	0.294615	1
0.538563	-0.107407	0.296078	1
0.538563	-0.107407	0.296078	1
0.541366	-0.151389	0.297619	1
0.543215	-0.194633	0.298635	1
0.544246	-0.237424	0.299202	1
0.544594	-0.280045	0.299393	1
0.544395	-0.32278	0.299284	1
0.543785	-0.365911	0.298949	1
0.542899	-0.409722	0.298462	1
0.541874	-0.454497	0.297898	1
0.540845	-0.50052	0.297332	1
0.539947	-0.548073	0.296839	1
0.539317	-0.59744	0.296492	1
0.53909	-0.648904	0.296368	1
0.539402	-0.702749	0.296539	1
0.540389	-0.759259	0.297082	1
0.540389	-0.759259	0.297082	1
0.540347	-0.812379	0.297059	1
0.537597	-0.856441	0.295547	1
0.532308	-0.892307	0.292639	1
0.52465	-0.92084	0.288429	1
0.514792	-0.942902	0.28301	1
0.502905	-0.959356	0.276475	1
0.489157	-0.971065	0.268917	1
0.473719	-0.97889	0.260429	1
0.456759	-0.983694	0.251106	1
0.438449	-0.986341	0.241039	1
0.418956	-0.987691	0.230324	1
0.398452	-0.988608	0.219051	1
0.377106	-0.989955	0.207316	1
0.355087	-0.992593	0.195211	1
0.355087	-0.992593	0.195211	1
0.334602	-0.99559	0.183949	1
0.31735	-0.997527	0.174465	1
0.302732	-0.998533	0.166428	1
0.290151	-0.998737	0.159512	1
0.279012	-0.998268	0.153389	1
0.268717	-0.997257	0.147729	1
0.25867	-0.995833	0.142205	1
0.248273	-0.994126	0.13649	1
0.236931	-0.992265	0.130254	1
0.224045	-0.990379	0.12317	1
0.20902	-0.988599	0.11491	1
0.191258	-0.987053	0.105145	1
0.170163	-0.985872	0.0935482	1
0.145138	-0.985185	0.0797905	1
0.145138	-0.985185	0.0797905	1
0.119792	-0.984762	0.065856	1
0.0979538	-0.984294	0.0538506	1
0.0793614	-0.983794	0.0436293	1
0.063751	-0.983274	0.0350474	1
0.0508591	-0.982746	0.02796	1
0.0404222	-0.982221	0.0222223	1
0.0321769	-0.981713	0.0176894	1
0.0258597	-0.981233	0.0142165	1
0.0212071	-0.980794	0.0116587	1
0.0179557	-0.980407	0.00987122	1
0.0158419	-0.980085	0.00870919	1
0.0146024	-0.97984	0.00802777	1
0.0139737	-0.979684	0.00768213	1
0.0136923	-0.97963	0.00752741	1
0.00302682	0.7	0.000777157	1
0.0418696	0.702148	0.0107503	1
0.0791592	0.703693	0.0203247	1
0.114732	0.704428	0.0294583	1
0.148426	0.704146	0.0381094	1
0.180077	0.702642	0.0462359	1
0.209521	0.699708	0.053796	1
0.236597	0.695139	0.0607478	1
0.261139	0.688727	0.0670493	1
0.282986	0.680266	0.0726585	1
0.301973	0.66955	0.0775337	1
0.317938	0.656371	0.0816328	1
0.330718	0.640525	0.084914	1
0.340148	0.621803	0.0873354	1
0.346067	0.6	0.088855	1
0.346067	0.6	0.088855	1
0.349035	0.577687	0.089617	1
0.349797	0.557434	0.0898126	1
0.348462	0.539037	0.0894701	1
0.345143	0.522287	0.0886178	1
0.339948	0.506979	0.087284	1
0.332989	0.492906	0.0854971	1
0.324374	0.479861	0.0832853	1
0.314216	0.467638	0.0806771	1
0.302623	0.456031	0.0777006	1
0.289707	0.444833	0.0743843	1
0.275578	0.433837	0.0707564	1
0.260345	0.422838	0.0668453	1
0.24412	0.411627	0.0626793	1
0.227012	0.4	0.0582868	1
0.227012	0.4	0.0582868	1
0.224993	0.382922	0.0577684	1
0.226982	0.367342	0.0582792	1
0.232727	0.353171	0.0597542	1
0.241972	0.34032	0.062128	1
0.254465	0.3287	0.0653357	1
0.269952	0.318222	0.069312	1
0.288179	0.308796	0.0739918	1
0.308892	0.300335	0.0793101	1
0.331837	0.292748	0.0852015	1
0.356762	0.285946	0.0916011	1
0.383412	0.279842	0.0984436	1
0.411533	0.274344	0.105664	1
0.440872	0.269365	0.113197	1
0.471175	0.264815	0.120977	1
0.471175	0.264815	0.120977	1
0.499212	0.258573	0.128176	1
0.522261	0.248666	0.134094	1
0.540831	0.235229	0.138862	1
0.555432	0.218394	0.142611	1
0.566574	0.198296	0.145472	1
0.574767	0.175067	0.147575	1
0.580519	0.148843	0.149052	1
0.584341	0.119755	0.150034	1
0.586743	0.087938	0.15065	1
0.588233	0.0535255	0.151033	1
0.589322	0.0166512	0.151312	1
0.590519	-0.0225516	0.15162	1
0.592333	-0.0639489	0.152086	1
0.595275	-0.107407	0.152841	1
0.595275	-0.107407	0.152841	1
0.598373	-0.151389	0.153636	1
0.600417	-0.194633	0.154161	1
0.601556	-0.237424	0.154454	1
0.60194	-0.280045	0.154552	1
0.601721	-0.32278	0.154496	1
0.601046	-0.365911	0.154323	1
0.600067	-0.409722	0.154071	1
0.598934	-0.454497	0.15378	1
0.597797	-0.50052	0.153488	1
0.596805	-0.548073	0.153234	1
0.596108	-0.59744	0.153055	1
0.595857	-0.648904	0.15299	1
0.596202	-0.702749	0.153079	1
0.597293	-0.759259	0.153359	1
0.597293	-0.759259	0.153359	1
0.597247	-0.812379	0.153347	1
0.594207	-0.856441	0.152567	1
0.588361	-0.892307	0.151066	1
0.579897	-0.92084	0.148892	1
0.569001	-0.942902	0.146095	1
0.555862	-0.959356	0.142721	1
0.540666	-0.971065	0.13882	1
0.523602	-0.97889	0.134438	1
0.504857	-0.983694	0.129625	1
0.484618	-0.986341	0.124429	1
0.463073	-0.987691	0.118897	1
0.44041	-0.988608	0.113078	1
0.416816	-0.989955	0.10702	1
0.392478	-0.992593	0.100771	1
0.392478	-0.992593	0.100771	1
0.369837	-0.99559	0.0949581	1
0.350767	-0.997527	0.0900619	1
0.33461	-0.998533	0.0859133	1
0.320705	-0.998737	0.0823431	1
0.308393	-0.998268	0.0791819	1
0.297014	-0.997257	0.0762603	1
0.285909	-0.995833	0.073409	1
0.274417	-0.994126	0.0704585	1
0.26188	-0.992265	0.0672395	1
0.247638	-0.990379	0.0635826	1
0.23103	-0.988599	0.0593186	1
0.211398	-0.987053	0.0542779	1
0.188082	-0.985872	0.0482913	1
0.160422	-0.985185	0.0411893	1
0.160422	-0.985185	0.0411893	1
0.132406	-0.984762	0.0339961	1
0.108268	-0.984294	0.0277987	1
0.0877183	-0.983794	0.0225223	1
0.0704641	-0.983274	0.0180921	1
0.0562146	-0.982746	0.0144335	1
0.0446787	-0.982221	0.0114716	1
0.0355652	-0.981713	0.0091316	1
0.0285827	-0.981233	0.00733881	1
0.0234402	-0.980794	0.00601844	1
0.0198464	-0.980407	0.0050957	1
0.0175101	-0.980085	0.00449584	1
0.0161401	-0.97984	0.00414408	1
0.0154452	-0.979684	0.00396565	1
0.0151341	-0.97963	0.00388579	1
